89.12
88.76
74.10
85.53
88.47
86.46
88.66
88.46
88.30
88.93
88.96
87.66
89.46
88.93
88.39
89.28
89.19
87.85
89.49
88.49
88.82
89.10
88.77
87.88
89.27
88.60
88.46
88.97
89.07
87.67
89.03
88.76
88.22
88.94
89.01
87.75
89.03
88.79
88.56
88.99
89.58
88.51
89.57
88.81
88.08
89.05
88.95
87.84
88.97
88.17
88.52
88.75
88.85
87.67
88.76
88.42
88.39
88.83
88.77
87.75
88.84
88.37
88.26
88.29
89.04
87.94
89.12
88.20
88.42
88.72
88.96
87.91
88.84
87.95
88.62
88.88
88.94
87.89
88.92
88.07
88.99
88.80
88.86
87.54
88.69
87.75
88.75
88.94
89.24
88.28
88.94
86.57
87.37
85.08
87.11
85.31
87.34
86.20
86.34
85.91
87.41
84.69
86.53
81.29
83.75
85.93
87.19
84.72
86.29
84.83
86.38
87.24
88.51
86.03
87.69
81.69
85.85
85.49
85.27
84.16
86.89
85.60
86.70
85.91
85.64
84.39
87.69
85.88
87.16
85.54
86.93
84.70
86.39
85.63
86.62
86.20
89.08
86.02
88.76
85.13
88.07
86.71
87.70
87.88
86.79
75.75
84.48
87.01
85.06
85.09
80.73
87.65
86.54
87.04
84.99
87.73
86.41
87.75
86.44
85.86
84.38
89.06
87.15
89.32
87.35
87.55
85.45
87.50
85.97
87.99
86.32
86.69
84.84
87.63
84.88
87.59
86.46
87.64
84.99
87.14
85.94
87.17
86.61
88.42
86.58
88.65
86.18
85.93
84.53
85.35
84.19
86.98
85.73
87.10
86.34
87.27
82.82
83.98
84.98
85.74
82.20
83.62
77.91
79.78
82.56
84.83
81.69
84.99
82.97
87.00
85.48
88.27
86.29
87.77
84.99
87.36
84.41
87.19
86.93
87.41
85.22
86.83
86.32
87.76
86.65
87.71
83.43
86.52
86.54
87.59
86.44
87.54
86.51
88.11
87.23
87.18
85.69
86.67
82.80
86.96
87.05
85.45
86.46
87.45
84.82
85.67
86.62
86.52
86.46
86.02
84.78
87.24
86.91
85.75
87.75
88.72
85.89
88.25
86.91
86.84
86.22
87.07
84.01
76.43
82.66
85.83
84.73
87.01
84.65
86.68
86.35
86.63
86.01
86.33
84.57
85.76
84.77
86.60
85.41
87.91
85.67
88.20
87.14
87.09
86.16
87.50
86.74
87.37
74.42
84.04
87.56
84.88
86.36
86.23
86.87
85.52
87.37
85.43
87.12
87.92
87.20
86.86
87.89
85.69
88.81
88.23
88.43
87.50
87.32
84.87
87.73
87.78
88.22
87.81
88.86
86.98
88.71
87.91
88.16
87.68
88.73
86.35
86.68
87.15
88.22
86.93
89.53
87.45
89.23
87.64
87.35
86.84
88.18
83.91
86.84
87.37
87.21
86.79
87.57
85.62
88.09
86.39
85.55
85.56
84.27
81.30
86.46
85.88
84.18
84.08
85.11
84.33
86.01
85.23
85.74
85.43
86.29
82.77
85.82
82.59
84.12
84.39
80.25
78.18
86.20
85.22
85.04
84.08
85.92
72.04
80.86
85.59
84.39
82.78
86.96
85.69
88.01
87.68
87.05
87.24
88.14
85.02
83.84
88.01
86.57
86.94
87.66
85.29
86.67
86.99
84.32
86.84
88.03
85.14
84.64
87.41
86.19
88.16
89.18
86.47
86.25
87.03
87.62
85.38
87.25
85.09
87.37
87.23
86.50
86.07
87.55
85.61
87.38
87.77
87.70
84.47
87.40
84.97
85.93
87.28
87.81
86.65
88.36
86.76
87.66
85.53
83.34
86.72
88.15
87.24
88.05
75.78
84.74
87.52
77.97
87.15
87.76
87.84
86.12
87.42
86.07
87.13
86.73
88.08
87.06
87.72
85.86
88.35
88.21
89.39
86.67
87.76
85.62
87.49
85.53
88.07
87.53
87.36
84.19
87.49
87.98
87.85
86.84
86.72
76.75
87.80
88.22
86.33
87.48
88.88
85.47
88.44
87.72
86.67
86.95
86.75
78.40
85.45
86.00
85.40
85.55
86.45
84.17
85.68
87.73
78.86
86.36
86.92
83.13
87.38
87.54
85.48
83.22
87.22
84.47
87.58
87.34
86.34
87.38
83.65
82.99
86.62
87.07
86.13
82.91
86.36
83.98
86.32
87.03
86.98
83.61
82.57
81.23
84.18
87.12
86.26
86.13
88.16
85.14
86.18
86.19
85.18
84.48
87.10
80.83
84.89
83.68
83.98
84.56
87.03
82.46
86.68
87.57
87.30
87.03
87.35
83.60
87.21
86.02
87.25
87.85
87.99
85.68
87.01
86.99
84.47
83.95
85.84
83.10
85.76
87.31
87.19
86.53
87.02
83.52
87.06
87.61
85.17
86.11
87.16
82.47
86.58
85.90
87.22
86.96
88.67
85.50
88.64
88.08
80.07
86.01
86.94
87.67
87.27
74.09
83.61
86.86
83.47
81.50
87.04
87.33
85.46
86.59
83.85
87.12
86.93
87.10
86.15
85.58
83.93
88.37
88.06
89.07
87.50
87.10
83.03
87.05
88.34
87.52
86.68
87.28
84.13
87.37
87.17
83.61
82.13
86.90
83.70
87.54
87.08
86.19
86.54
88.36
84.95
89.18
87.05
85.06
85.23
85.72
82.54
85.04
85.38
85.58
83.32
86.37
82.64
87.06
86.52
86.49
85.14
85.71
79.40
87.02
87.11
85.01
84.10
84.57
81.53
85.30
86.20
86.90
85.77
85.74
83.01
86.57
85.89
86.63
79.82
78.47
81.29
84.49
84.86
84.79
83.56
87.02
83.09
85.29
86.29
87.19
85.18
87.94
85.20
88.66
87.27
87.16
86.46
85.74
82.59
85.19
87.79
87.54
86.89
86.47
81.72
86.75
79.77
86.24
85.81
82.25
77.95
86.42
87.18
86.83
85.97
87.05
83.33
87.49
86.24
87.78
85.36
86.24
82.52
85.78
86.18
86.91
86.15
85.02
83.37
85.74
85.93
86.12
82.87
85.47
83.46
85.75
84.28
86.74
85.84
88.22
85.01
88.54
88.48
88.33
87.30
88.11
88.27
88.64
76.27
85.73
87.54
84.01
87.67
88.33
88.48
87.71
88.29
85.70
88.20
88.58
88.66
87.58
88.28
86.42
88.97
87.76
89.19
88.29
88.25
86.45
88.78
88.43
88.63
88.26
88.12
86.40
88.69
88.32
88.58
88.13
88.23
86.40
88.73
88.42
88.53
88.37
88.30
86.78
89.04
88.07
87.94
87.01
86.91
85.43
86.93
86.93
85.76
86.04
86.84
83.98
87.81
87.69
87.69
85.75
86.43
82.57
86.99
87.39
87.01
85.52
86.17
83.36
88.18
86.09
88.54
87.63
88.42
85.28
88.25
86.86
86.85
85.19
86.25
83.74
87.50
86.75
87.27
86.06
86.72
84.46
85.70
87.68
87.39
86.40
85.42
85.06
89.63
89.01
89.10
87.62
88.39
86.00
89.25
88.99
88.99
88.11
88.56
86.87
88.83
88.81
88.98
89.04
88.31
87.09
89.16
89.00
89.28
88.88
88.66
86.95
89.41
89.07
88.96
89.01
88.51
86.60
89.15
89.04
89.11
88.93
88.90
86.93
88.96
89.07
88.92
88.74
88.13
86.83
89.22
88.92
88.87
88.59
89.26
87.67
89.75
89.10
89.01
88.85
88.22
89.52
89.14
75.97
85.74
88.36
85.05
89.03
88.89
89.06
88.25
89.02
87.20
89.37
89.27
88.85
88.88
88.86
86.76
89.64
89.47
89.10
88.70
88.88
86.40
89.52
89.15
88.92
89.00
89.02
87.07
89.34
89.31
89.06
88.84
88.93
87.07
89.26
89.36
89.03
89.22
89.14
86.78
89.61
89.25
88.57
88.50
88.85
86.12
89.14
89.18
88.76
88.76
88.77
86.76
89.38
89.39
89.05
88.95
88.77
87.14
89.37
89.15
88.87
88.70
88.58
87.00
89.68
89.60
89.42
89.08
88.80
87.43
89.25
89.24
89.00
89.06
88.72
87.27
89.20
89.28
88.80
88.71
87.85
87.24
89.13
89.18
89.07
88.24
88.60
87.31
89.65
89.42
89.11
88.84
88.57
87.31
89.09
88.97
88.92
88.66
88.16
87.89
89.11
89.40
89.00
88.62
88.37
87.68
89.00
89.16
88.97
88.84
87.49
87.95
89.11
89.06
89.21
88.75
87.98
88.17
89.14
89.13
88.97
88.43
88.12
87.71
89.24
89.20
89.22
88.59
87.96
88.33
89.52
89.10
88.71
88.34
88.21
88.56
89.45
88.57
88.03
87.23
86.35
87.57
87.40
72.76
83.10
85.76
85.72
87.61
87.50
87.49
86.53
85.54
82.94
87.45
87.20
87.74
86.15
86.27
85.64
89.55
89.55
88.76
87.24
81.61
83.76
87.01
87.39
87.30
85.74
85.39
85.10
86.20
88.20
87.95
86.83
86.81
86.37
87.82
86.73
87.78
86.95
87.44
87.01
89.23
86.25
86.85
83.76
84.09
83.93
86.46
85.82
86.10
85.47
82.49
80.90
80.20
78.18
81.96
84.83
86.49
84.35
86.07
86.94
85.78
89.01
92.24
85.14
86.63
84.38
86.60
88.04
92.13
87.48
86.14
85.60
86.11
86.03
87.35
82.10
87.15
85.31
83.23
83.81
78.64
83.47
76.12
80.66
85.36
86.61
87.62
85.78
88.15
87.61
85.85
85.70
85.81
80.39
86.83
85.95
85.95
85.65
87.37
84.67
86.15
85.38
85.33
85.85
86.49
84.49
86.67
86.06
85.68
87.83
89.13
86.97
87.52
85.10
86.13
85.98
86.81
85.74
86.84
86.02
84.65
85.86
87.06
84.49
87.64
84.44
86.01
85.19
86.71
85.07
86.73
86.08
84.23
86.43
89.20
86.92
88.56
87.78
85.20
79.71
88.28
87.81
87.40
75.24
85.01
88.09
84.42
87.58
87.17
87.06
86.86
88.38
86.39
87.83
85.76
87.11
86.51
87.63
86.04
89.13
88.42
87.59
87.52
87.55
85.66
86.94
87.75
87.45
87.01
88.13
86.39
88.14
87.71
87.45
86.05
88.04
85.81
87.84
87.84
87.42
86.96
89.15
86.96
89.37
87.73
79.66
80.99
81.32
83.56
87.25
86.83
85.87
83.96
86.25
84.28
83.27
86.98
86.63
86.38
87.80
80.17
86.01
86.69
87.47
85.88
86.35
82.39
88.78
87.99
87.85
86.15
82.22
81.62
86.43
85.91
86.26
83.88
85.89
84.68
87.31
86.26
80.08
86.32
86.89
84.53
86.80
86.30
85.38
86.10
87.44
88.01
87.75
88.07
87.61
84.02
86.91
84.44
86.22
88.38
87.68
86.38
87.66
84.62
85.25
86.00
86.94
85.79
87.50
84.06
85.24
87.20
86.64
88.02
88.55
87.03
87.76
86.42
87.55
86.18
87.84
85.52
87.48
86.05
87.84
86.53
87.62
85.87
87.08
87.30
87.55
84.88
87.73
84.86
87.63
88.04
87.66
86.98
89.20
87.16
88.79
88.28
87.93
85.47
87.86
87.32
87.89
75.84
84.98
87.02
83.49
82.66
88.05
88.25
85.91
88.27
85.32
88.01
88.36
88.02
85.24
87.59
85.42
89.29
88.89
89.12
87.23
87.86
85.39
86.41
87.09
83.90
79.39
86.17
84.59
86.82
87.30
88.36
85.72
85.50
83.28
86.07
86.85
87.71
84.83
87.69
85.71
84.36
86.85
87.01
82.66
86.03
85.26
84.05
84.66
87.43
85.31
86.09
85.88
85.15
80.51
79.30
78.20
83.63
83.18
84.56
84.74
85.16
81.84
85.11
85.35
86.49
84.90
86.22
84.25
85.92
83.93
81.92
86.01
85.08
79.95
81.98
85.44
85.07
85.70
87.58
76.82
86.25
85.38
86.13
86.31
87.14
84.94
85.94
86.95
86.00
82.46
84.53
85.03
84.60
85.24
85.72
85.35
87.13
83.14
84.89
84.47
85.02
86.56
84.89
85.40
87.05
84.73
84.40
85.84
86.45
86.50
87.79
86.78
87.07
85.52
86.33
83.19
86.32
84.94
80.68
85.84
85.91
84.79
86.72
85.52
85.91
84.52
86.44
85.24
86.13
84.67
86.61
86.12
86.62
86.07
87.81
87.08
87.74
85.20
86.79
85.31
86.93
86.71
86.21
74.12
78.90
80.92
85.56
86.00
84.03
84.74
85.04
85.50
85.38
86.79
86.48
87.94
85.43
86.65
81.54
85.56
85.80
89.09
86.34
86.93
86.68
87.14
86.98
88.23
86.03
87.07
86.79
86.61
84.51
81.47
85.55
87.36
84.99
86.49
86.27
88.01
85.50
85.05
87.00
87.32
85.94
87.59
84.05
85.18
83.91
84.14
84.17
81.26
84.80
86.38
84.74
86.16
85.81
84.84
84.81
84.04
85.15
85.12
84.71
87.67
85.13
85.96
83.50
85.78
84.34
86.01
83.26
85.20
83.29
83.94
78.25
84.24
84.54
84.60
84.66
84.71
83.42
82.29
83.33
84.35
84.89
84.24
84.50
84.77
81.31
84.75
86.13
76.43
85.69
85.49
83.32
84.66
83.94
83.84
85.10
83.48
82.73
83.39
84.42
83.44
85.06
84.64
84.52
84.37
85.22
85.08
85.35
85.93
84.66
86.13
85.14
85.85
80.26
81.82
84.19
85.18
84.38
85.17
84.67
84.76
84.60
85.53
84.94
82.54
84.82
85.43
83.49
85.74
85.10
84.67
85.24
86.28
83.29
87.24
86.84
86.53
86.05
85.00
84.33
77.15
86.08
86.01
73.46
83.40
86.18
85.51
85.81
77.64
87.32
85.25
86.71
85.47
87.01
86.27
87.85
84.93
85.04
86.40
87.83
86.56
89.34
85.49
86.87
86.07
86.79
86.49
88.43
85.17
85.14
86.40
85.85
86.81
89.15
86.08
86.75
86.22
86.42
85.37
88.40
85.56
87.28
87.58
87.96
87.03
88.72
86.02
87.09
86.00
84.09
86.23
87.82
83.81
83.01
78.41
84.45
85.75
87.19
83.35
85.60
85.31
85.73
85.10
85.63
83.96
83.33
83.50
87.45
86.64
88.33
84.81
84.89
82.17
84.86
77.76
86.97
80.33
84.88
82.28
84.19
81.94
85.36
83.88
84.10
81.08
82.77
84.23
83.19
82.80
86.72
85.84
86.31
85.09
86.91
82.58
83.63
80.34
84.40
85.55
86.74
80.94
85.27
83.53
84.17
85.41
87.41
85.00
84.45
84.80
84.51
85.30
87.35
85.64
86.80
86.31
84.51
84.72
81.48
84.89
85.13
84.56
84.37
84.56
86.40
83.66
84.14
84.50
81.65
85.32
87.24
84.22
82.40
83.67
84.10
85.29
87.15
85.17
86.93
85.54
86.02
84.95
84.56
84.23
84.90
84.83
85.31
76.49
83.49
82.81
85.19
84.88
85.75
87.78
80.44
84.76
84.13
85.14
85.93
87.61
84.31
85.98
85.83
85.84
86.17
88.94
83.00
85.13
82.99
84.74
85.90
86.91
84.74
85.58
84.88
83.42
85.68
87.10
85.02
86.68
85.09
84.75
86.26
87.86
85.15
87.11
86.93
86.39
80.98
83.21
80.83
84.62
84.33
83.76
85.60
85.99
80.69
78.08
82.63
78.51
84.46
86.28
83.50
83.69
82.14
83.35
85.66
86.18
84.28
86.49
86.33
85.80
86.26
88.19
83.75
83.20
83.78
83.55
83.10
84.92
76.33
84.60
83.74
83.40
84.64
86.51
83.90
84.36
84.03
83.27
78.63
86.57
83.75
85.94
86.58
85.77
86.57
88.64
85.54
86.27
85.93
85.39
86.54
88.45
85.24
85.77
85.98
85.36
86.62
88.87
85.31
86.17
85.86
85.38
86.32
88.56
85.33
86.66
86.73
86.88
86.29
88.63
85.38
85.67
86.36
86.52
86.41
88.58
85.37
85.81
86.21
86.39
86.39
88.45
85.16
86.10
86.61
86.61
86.53
88.84
85.17
86.80
87.14
87.16
86.58
88.76
85.37
85.93
86.56
86.73
75.96
84.13
85.54
86.63
86.06
86.13
88.81
85.36
86.08
86.39
86.56
86.55
88.74
85.25
86.26
86.70
87.10
85.69
89.27
85.26
86.15
85.99
86.55
86.70
87.72
85.38
86.56
86.16
86.52
86.15
87.72
85.05
86.45
86.36
86.30
86.26
87.26
85.32
86.40
86.79
86.97
86.39
87.01
85.44
85.59
85.72
85.94
85.40
85.47
85.05
86.07
85.99
85.88
85.78
86.78
84.76
85.86
84.46
84.51
85.08
86.39
84.29
82.59
84.69
84.79
84.61
84.81
81.75
83.56
84.52
85.79
85.79
86.72
83.67
84.17
84.23
84.49
84.04
85.12
81.47
84.02
83.96
84.20
84.04
85.00
83.63
84.86
85.66
84.06
84.70
85.49
81.25
85.86
86.13
85.89
86.14
87.36
84.66
85.91
86.00
86.13
86.06
87.22
84.81
85.91
86.04
86.14
86.02
87.38
84.88
86.25
86.10
86.23
86.10
87.37
84.58
86.06
85.97
85.92
86.06
87.44
84.65
86.08
86.05
85.98
85.80
87.28
84.56
85.35
86.16
85.84
85.67
86.97
84.37
86.37
86.70
85.83
84.92
85.90
83.67
84.45
78.20
83.04
72.43
80.87
83.59
84.35
83.89
84.14
85.19
81.69
84.89
84.32
83.68
83.84
85.25
83.76
84.34
84.85
86.12
84.76
87.80
83.30
78.04
84.44
84.53
83.99
85.79
83.01
84.40
84.56
82.51
83.68
85.46
82.96
83.98
83.92
83.99
83.97
85.60
82.20
86.07
86.68
85.70
84.42
85.66
82.37
82.62
83.24
83.83
82.51
86.02
82.61
84.12
82.92
79.29
81.36
85.13
82.77
84.10
83.69
84.19
83.92
85.41
80.70
84.18
84.91
85.87
83.83
83.98
81.10
79.81
82.81
83.59
83.58
84.49
78.42
83.18
82.40
83.01
82.28
85.51
82.88
83.27
84.05
83.67
80.81
85.19
79.58
84.96
86.17
85.71
84.39
85.79
82.47
84.22
81.41
84.31
84.04
85.50
82.25
84.64
84.77
84.05
81.25
85.81
82.95
82.65
84.50
81.62
82.67
85.43
84.14
85.67
85.74
84.77
83.62
85.51
83.22
83.56
84.35
81.50
83.33
85.06
82.52
84.02
84.47
83.55
83.17
84.88
82.69
82.81
83.90
83.76
82.56
85.15
82.98
85.31
86.01
85.21
84.25
86.14
82.92
82.46
83.38
83.74
70.10
80.39
83.02
83.37
75.96
81.05
85.39
82.57
84.19
84.66
84.08
82.43
85.47
80.02
85.94
84.81
83.76
85.62
88.77
86.49
86.52
84.06
86.31
82.55
87.27
85.92
86.86
84.38
86.86
86.98
85.83
85.88
85.97
84.02
86.74
86.73
86.83
86.48
88.81
86.66
88.52
86.48
85.54
85.26
85.93
84.15
86.07
86.33
86.49
84.63
84.70
82.70
84.47
86.09
86.44
85.76
84.56
76.10
79.22
77.12
84.74
86.21
87.28
84.07
84.75
73.08
73.71
72.72
72.82
72.63
72.53
70.10
83.61
83.94
85.75
83.29
86.66
81.14
80.95
84.40
84.70
83.50
86.16
86.13
84.62
83.49
88.29
86.19
87.45
85.96
85.98
85.36
85.82
84.47
85.91
84.71
85.08
85.46
87.28
84.79
86.08
87.00
85.78
80.34
85.19
84.56
87.40
85.43
85.74
86.82
88.30
85.96
85.73
86.30
85.83
85.77
85.95
83.75
86.44
86.17
85.70
84.98
86.52
83.58
85.77
84.24
83.22
84.95
86.59
84.53
86.79
86.82
85.70
85.20
87.98
86.04
88.07
87.65
86.53
86.55
87.91
86.84
85.94
66.57
82.67
87.70
85.08
87.31
87.80
87.01
86.72
88.00
83.43
81.42
87.64
86.50
86.45
88.17
86.20
88.44
88.25
87.85
86.92
87.72
85.16
87.76
87.98
87.38
87.67
88.04
86.06
87.74
87.68
86.14
86.20
87.97
85.77
87.82
87.76
86.86
86.98
88.65
86.53
88.32
83.99
82.15
85.28
87.13
84.73
86.80
86.83
84.06
83.10
86.67
84.59
86.56
86.56
83.37
85.18
86.27
83.26
86.55
86.47
85.44
85.81
86.48
77.85
68.63
83.65
84.39
83.21
85.81
73.06
69.70
73.04
71.08
72.03
83.50
84.13
86.70
86.54
86.12
84.44
83.96
83.39
82.22
82.48
85.24
83.63
86.85
84.97
84.94
87.39
86.35
84.55
86.23
83.99
86.54
86.87
87.04
82.39
84.05
84.14
86.30
86.49
84.54
80.83
85.69
83.70
85.62
85.91
86.74
85.14
87.59
85.40
86.12
85.64
86.23
83.26
85.97
83.55
85.69
84.67
85.78
83.31
86.02
83.40
85.80
86.50
87.01
84.79
86.91
84.49
86.15
86.53
86.20
84.02
88.13
86.09
87.98
87.65
87.57
84.79
87.60
85.32
87.47
74.27
82.45
87.18
85.37
87.15
87.00
87.51
85.11
87.85
84.65
87.61
87.19
87.54
85.08
87.74
86.16
88.08
87.41
89.02
85.93
87.91
85.82
82.13
86.25
87.86
85.26
87.74
85.46
87.22
87.67
87.83
78.58
87.83
85.11
87.07
87.26
87.65
85.40
88.67
85.69
87.81
86.88
86.05
84.15
87.23
84.49
86.36
86.73
87.49
85.00
82.49
78.98
84.28
80.65
82.09
78.66
79.61
72.45
73.15
80.90
80.88
77.55
82.53
75.03
80.03
81.76
82.36
77.63
82.10
80.52
82.39
81.39
82.07
70.89
81.41
78.67
81.75
80.17
81.77
81.99
85.58
83.20
82.89
74.95
83.78
82.33
86.30
85.38
86.66
85.80
86.30
81.27
85.14
83.09
85.67
84.45
84.26
82.79
85.65
83.05
85.44
85.58
86.10
82.91
83.34
82.60
84.69
85.61
86.17
83.23
81.33
85.40
85.39
85.29
85.93
81.07
85.32
84.17
84.84
85.03
86.08
83.35
86.62
84.31
84.50
85.66
86.66
83.03
85.97
83.76
85.16
85.74
86.68
83.98
87.85
85.64
87.21
80.37
82.54
83.27
85.21
85.32
85.32
72.81
80.46
82.61
83.19
85.23
84.95
86.54
83.58
85.38
83.65
83.68
85.51
86.45
83.31
85.27
84.26
87.22
86.84
87.85
84.37
86.19
83.30
85.65
85.13
86.43
81.75
85.43
83.16
85.51
85.29
86.26
83.03
84.62
83.63
85.97
85.45
86.32
83.59
87.01
86.27
87.54
85.56
85.37
82.71
83.71
77.95
85.55
80.06
85.17
81.49
83.35
82.04
85.63
85.74
86.23
81.49
84.73
83.19
84.97
83.92
84.52
82.36
85.58
82.67
85.63
78.27
87.08
82.37
84.33
82.24
85.27
85.22
85.23
83.20
82.45
82.80
83.50
84.88
84.98
80.63
84.81
83.17
85.44
84.25
86.46
83.60
85.53
86.47
87.63
86.30
87.56
84.59
86.32
82.78
85.46
84.03
84.67
83.05
86.08
83.74
85.68
85.58
86.65
83.32
86.86
83.26
86.28
85.55
87.25
83.68
87.15
85.06
85.64
85.06
85.98
82.13
85.50
78.97
84.51
84.29
82.44
80.51
84.56
82.53
84.13
84.27
84.32
82.03
83.65
83.19
83.79
84.92
85.36
81.85
86.86
86.33
86.81
83.90
86.28
83.14
84.97
85.23
85.27
72.93
80.97
85.01
81.85
84.74
84.97
86.19
82.74
85.13
83.98
84.71
85.15
80.91
79.66
85.09
84.20
87.20
86.55
87.77
84.15
85.43
83.80
85.25
85.33
84.74
82.87
85.15
83.79
85.11
85.48
86.66
81.74
84.02
83.93
84.75
84.20
86.06
83.64
86.92
86.44
87.24
85.79
85.70
82.46
82.47
78.73
85.22
83.91
85.96
82.51
83.99
83.08
84.47
84.62
85.67
79.59
83.16
83.25
84.42
84.51
86.06
82.99
77.99
80.63
86.93
86.43
87.99
82.58
83.87
81.46
85.13
84.43
84.44
82.33
84.14
83.49
85.04
84.83
85.54
82.43
83.12
83.33
84.97
84.86
85.05
82.12
85.97
85.98
86.93
86.84
88.01
84.21
86.71
85.68
86.83
86.76
87.87
84.45
87.00
85.90
87.11
86.81
87.80
84.66
86.83
85.77
86.74
86.75
87.85
84.90
87.72
84.28
87.43
86.48
87.62
84.70
86.72
85.44
86.72
86.70
87.89
84.51
86.89
86.01
86.83
86.91
88.15
84.77
87.19
86.05
86.89
86.72
87.94
84.92
87.16
86.76
87.66
87.15
88.24
84.85
86.59
87.08
86.94
75.63
82.92
86.51
85.95
86.44
86.78
87.98
84.81
86.91
86.02
86.82
87.24
88.02
84.56
87.40
85.82
87.61
85.74
88.66
85.51
86.89
86.19
87.11
87.11
88.15
85.01
86.58
86.11
87.03
87.00
88.20
85.07
87.03
86.21
86.57
86.63
87.93
84.52
87.43
86.93
87.30
86.85
87.84
84.82
86.69
85.16
86.98
85.93
84.69
83.20
84.47
81.77
83.95
84.43
86.29
83.42
85.51
82.20
81.45
83.82
85.04
82.32
83.71
83.44
84.27
84.55
85.94
82.41
83.58
84.00
84.41
85.54
87.54
82.62
83.79
82.70
84.06
83.75
85.14
81.87
82.27
81.75
84.27
84.11
85.43
82.43
84.58
84.84
84.95
84.50
83.91
82.63
86.14
85.95
86.80
86.39
87.92
84.93
86.25
85.91
86.51
86.58
87.99
84.60
86.59
85.95
86.45
86.46
87.83
85.32
87.39
86.93
86.88
86.43
87.72
84.99
86.41
86.10
87.08
86.45
87.66
85.14
86.81
85.86
87.06
87.17
88.19
83.86
87.18
85.53
86.37
86.49
87.41
84.56
86.80
86.36
86.09
85.02
86.44
80.48
85.05
84.08
85.08
69.73
79.88
84.28
84.14
84.12
84.74
86.32
83.88
85.74
84.06
83.82
83.53
86.16
83.70
85.08
84.74
86.80
85.37
87.44
85.30
85.16
84.41
85.27
82.43
85.88
84.15
85.24
84.82
86.01
84.46
85.57
84.67
84.09
84.91
85.27
84.72
85.87
84.71
86.87
86.97
87.00
84.26
85.27
83.22
83.63
77.91
81.48
83.84
80.95
83.25
83.61
83.34
84.13
83.66
82.02
83.09
84.58
83.95
83.09
84.62
85.39
83.62
81.72
82.35
84.29
84.46
84.24
82.15
79.28
82.04
84.42
83.40
85.67
81.20
84.30
83.32
84.34
84.43
85.91
80.77
81.36
80.74
82.54
82.60
84.78
80.98
85.71
86.39
85.81
85.18
86.34
75.42
83.88
81.85
84.81
82.79
86.02
81.37
85.00
83.73
84.57
84.47
86.60
76.98
83.00
83.67
84.23
77.61
86.26
83.36
85.88
85.96
84.92
83.67
85.65
81.17
82.48
83.82
84.11
83.24
85.75
79.95
83.94
83.25
83.92
83.41
85.77
81.56
83.61
83.13
84.31
79.60
84.21
81.27
86.05
85.61
85.78
84.43
86.08
81.65
83.63
85.05
84.71
72.08
75.91
84.23
83.71
84.22
84.35
86.31
81.90
83.83
77.73
84.38
84.94
86.29
82.14
84.97
84.41
86.33
84.89
87.56
83.48
84.97
82.45
83.90
84.99
86.62
82.55
84.77
84.17
84.55
84.34
86.50
81.02
84.31
84.15
84.45
84.78
86.77
81.65
85.61
86.71
86.63
85.55
86.43
81.43
83.67
81.93
84.28
84.39
83.51
81.20
83.06
82.97
83.81
81.79
83.44
79.64
81.55
78.96
80.67
82.99
85.80
76.59
83.60
84.16
84.34
83.61
85.98
80.82
83.73
82.08
83.84
82.08
85.31
80.91
81.55
82.78
83.48
81.00
85.19
80.35
83.35
79.57
82.75
81.06
86.11
77.71
84.43
80.09
85.64
84.34
84.62
78.84
81.80
79.55
84.01
81.58
84.54
78.72
81.33
82.44
83.07
82.23
76.29
68.53
78.20
75.36
77.97
80.98
84.28
84.46
85.70
85.72
80.42
80.38
86.07
80.68
82.19
83.25
83.01
81.39
86.02
81.95
83.05
82.10
83.11
83.24
85.81
82.22
83.43
82.69
82.69
73.18
77.85
76.09
70.56
79.74
80.14
83.34
82.95
78.72
79.30
83.29
77.17
72.70
77.25
83.57
82.26
83.45
83.58
86.77
76.44
83.13
83.03
82.11
84.23
87.05
82.42
83.85
84.20
84.78
84.15
88.76
83.25
82.55
83.71
82.71
84.17
87.16
82.93
83.28
83.50
81.45
84.49
86.86
80.38
83.12
83.64
82.63
84.09
87.16
77.99
85.94
86.38
85.07
84.21
85.86
81.79
81.36
81.36
81.90
83.17
85.22
79.44
78.62
81.42
81.19
82.71
85.79
80.94
79.80
81.93
81.30
79.94
82.62
80.04
83.18
82.23
82.59
83.68
86.70
82.30
80.02
78.99
79.76
83.33
86.35
79.89
80.63
82.97
79.22
81.59
86.57
75.42
80.71
76.59
81.48
80.19
85.80
75.60
84.17
87.90
81.55
84.00
86.41
76.94
81.65
83.47
75.95
82.33
84.31
81.56
79.75
83.14
81.81
84.00
86.68
76.83
83.21
83.47
79.94
79.44
86.78
83.75
85.28
83.25
82.91
83.36
87.10
81.14
80.54
79.46
82.88
84.36
87.35
82.86
80.09
83.79
83.33
82.32
87.25
82.73
82.03
83.64
82.73
81.58
87.22
82.83
85.53
85.79
83.83
84.03
87.99
83.00
82.58
83.36
84.63
75.26
77.36
84.59
84.18
82.93
83.01
86.73
83.17
83.95
84.75
83.21
84.89
88.40
83.63
84.98
82.78
82.10
84.30
88.75
84.05
84.40
84.78
81.68
85.11
86.59
83.47
83.40
84.99
83.75
85.08
88.53
83.08
84.74
85.05
83.42
83.18
88.13
83.69
85.81
86.42
85.04
85.02
85.79
82.32
84.68
84.36
83.23
84.12
87.33
81.50
80.86
80.83
80.76
77.55
80.18
75.32
82.67
84.72
82.58
84.61
87.77
82.01
83.98
84.60
83.21
83.44
83.25
79.64
82.64
76.26
78.71
81.23
87.46
76.74
83.37
80.62
77.50
81.29
84.59
82.27
82.74
80.80
68.04
74.98
77.13
81.66
84.74
84.23
84.09
85.26
87.20
79.43
84.60
82.34
81.27
79.62
80.77
77.65
83.64
79.71
82.88
82.77
87.89
75.95
82.50
81.42
81.87
84.00
78.37
74.32
83.19
86.23
80.96
83.58
84.86
79.83
83.57
83.97
76.47
77.68
86.44
82.30
83.86
84.08
80.49
84.09
87.45
77.21
84.01
83.62
82.94
85.14
85.53
80.14
86.05
81.44
79.49
84.81
88.45
83.23
84.49
82.12
83.88
74.88
79.69
84.43
84.73
81.49
84.48
88.16
83.27
83.49
84.81
83.65
84.64
83.98
83.11
84.56
85.37
84.41
83.97
89.82
84.22
84.61
84.84
83.39
83.23
88.10
83.08
84.78
85.07
83.11
84.60
88.22
81.72
81.28
84.89
83.44
85.05
88.09
83.27
85.76
85.99
84.91
86.27
88.30
82.14
77.67
80.12
81.18
80.91
87.86
82.12
83.65
84.15
81.70
81.61
87.65
81.50
81.17
82.92
81.01
83.20
85.23
81.05
76.84
80.46
82.05
83.45
87.73
81.49
83.11
82.76
81.63
83.70
84.93
81.86
82.67
83.97
80.13
83.55
86.10
79.89
83.13
83.54
82.20
80.64
81.72
77.93
77.75
83.18
82.72
83.01
83.72
80.61
80.14
80.51
81.28
81.55
87.26
79.08
82.43
82.88
81.17
81.31
76.23
79.71
82.10
83.27
79.09
84.10
87.64
82.96
83.48
79.44
83.81
83.13
87.69
79.39
80.13
83.97
79.95
80.11
86.00
76.92
79.47
83.79
83.87
81.52
87.67
81.47
79.63
82.76
81.36
83.38
87.14
82.31
84.80
86.36
83.76
84.35
88.43
82.49
83.33
82.29
82.50
73.06
75.67
82.42
84.39
82.94
83.23
85.58
79.69
83.48
84.23
83.76
84.46
88.27
82.18
83.09
82.89
83.72
83.19
89.85
82.15
81.80
82.92
82.30
84.78
88.14
81.91
82.81
80.75
82.05
84.14
88.07
81.77
84.79
85.44
82.95
83.62
87.44
81.93
84.88
86.49
84.26
84.83
89.17
83.22
84.69
84.11
83.11
85.51
89.24
83.63
84.76
85.92
83.35
85.30
89.20
84.04
84.67
85.35
83.13
85.28
89.35
80.93
84.67
82.92
83.12
84.67
89.04
83.37
84.36
85.44
83.04
85.22
88.87
84.02
84.43
85.32
83.31
85.37
89.07
83.49
84.25
85.54
83.34
85.26
89.14
83.25
84.87
86.01
83.94
85.28
89.26
83.61
84.17
85.63
83.26
85.10
89.07
83.27
84.51
85.57
82.94
84.85
89.10
83.14
84.27
85.60
83.03
84.54
89.16
83.46
85.40
86.65
83.51
84.68
89.04
83.54
83.89
85.67
82.89
85.15
88.89
83.30
84.02
85.54
82.65
84.68
89.05
83.24
84.14
85.17
82.91
84.88
89.31
82.72
85.00
86.44
83.66
85.05
89.41
83.35
84.28
82.81
84.84
76.79
80.68
84.47
85.45
82.76
84.43
89.06
83.13
84.19
84.99
83.05
84.90
89.25
83.35
84.23
85.73
83.14
83.20
89.12
83.62
84.35
85.80
83.05
84.68
89.22
83.23
84.54
85.62
82.87
84.67
89.12
82.90
84.39
85.54
82.58
84.95
89.27
83.48
85.39
86.28
83.56
84.54
88.81
82.49
82.37
84.79
82.12
84.43
88.81
82.82
83.05
84.94
82.78
84.33
88.98
82.79
83.78
85.19
82.67
84.44
88.97
82.83
83.51
84.99
83.44
85.17
89.65
83.80
83.75
84.92
82.47
84.35
88.74
82.95
83.28
85.20
82.50
84.05
88.82
82.14
83.42
85.37
82.49
84.18
86.28
81.56
81.28
86.29
83.44
84.70
89.01
82.65
83.04
85.05
82.34
81.65
85.62
82.13
83.22
85.01
79.63
84.51
88.99
82.07
82.88
85.39
82.31
84.12
88.95
83.34
84.36
86.25
83.12
84.03
88.90
81.97
83.01
85.21
82.35
84.02
88.40
82.43
82.71
85.14
82.55
84.01
88.99
82.42
82.62
84.84
82.15
83.49
88.61
82.17
83.62
86.43
82.41
79.30
85.78
79.17
79.35
78.87
79.99
72.30
70.85
80.23
81.69
78.07
80.77
86.76
79.66
78.59
82.32
79.17
81.71
86.58
78.87
79.66
83.28
81.82
82.02
89.69
77.84
78.43
81.51
78.20
80.30
86.37
76.38
78.72
80.17
78.61
81.03
86.49
79.82
79.80
81.73
77.06
81.36
84.68
76.72
82.27
84.82
80.65
80.28
84.77
78.00
77.83
78.40
77.96
80.03
81.01
71.20
74.17
79.89
76.79
79.46
84.49
75.42
77.50
73.50
66.29
79.50
81.63
75.79
75.30
77.67
78.90
82.59
87.34
71.19
73.53
77.87
67.90
72.92
82.92
73.67
80.92
76.15
68.04
73.55
79.07
76.91
78.50
71.86
76.27
83.29
85.63
72.43
83.40
75.04
83.65
80.29
79.23
75.10
77.52
79.00
76.43
81.17
83.86
78.56
75.80
75.63
75.56
79.79
84.60
76.51
78.22
80.77
80.11
77.29
86.13
81.43
83.91
80.63
79.64
80.39
86.01
80.98
78.59
81.69
80.57
83.27
85.35
76.50
78.28
80.34
79.60
81.19
85.37
77.53
79.98
80.46
80.46
82.52
85.84
81.03
85.98
85.94
83.92
82.05
86.36
80.28
81.60
81.30
84.33
72.87
78.97
82.59
82.97
75.58
84.30
86.66
78.35
82.14
82.56
80.88
82.61
85.53
81.53
82.72
83.99
84.15
85.13
88.95
83.82
82.95
82.49
83.47
81.86
87.11
80.45
82.69
83.15
81.85
84.27
86.94
81.58
81.37
82.72
82.01
83.26
85.77
81.89
85.19
86.47
83.53
82.80
85.42
77.97
74.83
79.05
80.11
80.66
81.23
79.21
78.65
81.39
76.72
81.84
85.33
75.69
76.86
79.45
73.77
81.13
77.99
80.58
84.64
88.78
81.12
83.14
85.41
79.32
73.30
83.26
74.97
81.44
78.90
74.97
78.66
77.10
77.74
80.45
80.78
79.21
85.82
81.41
85.25
83.82
86.81
86.89
87.92
