0.78
0.49
1.76
0.82
0.64
1.44
0.49
0.72
0.58
0.69
0.88
0.87
0.69
0.65
0.46
0.66
0.64
0.80
0.43
0.72
0.45
0.40
0.60
0.59
0.78
0.51
0.69
0.60
0.67
0.89
0.68
0.52
0.79
0.75
0.46
0.72
0.71
0.65
0.71
0.64
0.60
0.96
0.75
0.77
0.65
0.72
0.70
0.98
0.78
0.82
0.68
0.57
0.87
0.76
0.44
0.82
0.61
0.78
0.92
0.87
0.66
0.66
0.60
0.57
0.52
0.69
0.65
0.65
0.59
0.78
0.46
0.89
0.85
1.38
0.66
0.70
0.93
0.94
0.79
0.66
0.86
0.76
0.60
0.92
0.62
0.98
0.66
0.77
0.89
0.70
0.72
1.11
0.87
1.21
0.83
0.96
0.80
0.89
0.80
0.58
0.74
1.37
0.89
1.57
0.92
1.02
0.81
1.20
0.81
0.93
0.95
0.60
0.64
1.22
0.90
1.68
0.64
1.07
1.01
1.53
0.56
1.19
1.08
1.14
1.20
1.52
0.69
1.30
0.99
0.78
0.92
1.14
1.06
1.21
1.10
0.86
0.71
1.69
0.77
1.35
0.57
0.71
0.63
0.87
1.20
1.72
0.86
0.61
1.49
1.39
1.09
0.64
0.63
1.11
1.19
0.67
1.24
0.85
0.78
1.69
1.48
0.78
1.41
0.72
0.47
0.73
1.21
0.81
1.24
0.89
0.98
0.70
1.05
0.83
1.43
0.83
0.86
0.81
1.53
0.58
0.99
0.91
0.78
0.63
1.31
0.73
1.27
0.47
1.08
0.78
1.51
0.93
1.34
0.71
0.85
0.89
2.05
0.89
1.33
1.44
1.93
1.33
1.80
1.91
1.18
1.64
0.60
1.16
1.49
0.72
1.25
0.73
0.76
0.97
1.63
0.57
1.52
0.74
0.75
0.89
1.13
0.72
1.09
0.89
0.96
0.75
1.73
1.21
1.15
0.56
0.66
0.62
1.45
0.68
0.65
0.74
0.86
0.75
1.69
0.81
0.78
0.72
0.86
0.72
1.55
0.66
1.02
1.01
0.70
1.04
1.48
0.87
0.88
0.80
0.60
0.76
1.69
0.90
0.76
0.79
0.96
1.23
1.69
3.34
1.03
0.50
1.06
0.88
1.63
0.80
1.34
1.24
0.87
1.02
1.58
0.69
0.86
0.80
0.97
0.82
1.89
0.67
0.80
0.73
0.86
0.60
0.85
0.45
1.76
0.74
0.86
1.49
0.75
0.96
0.60
0.83
0.71
1.12
0.69
0.40
0.65
0.76
0.77
1.37
0.65
0.66
0.56
0.88
0.86
1.54
0.65
0.89
0.96
0.61
0.77
1.06
0.70
0.53
0.79
0.76
0.78
1.28
0.71
1.55
0.74
0.63
0.66
1.37
0.86
0.86
0.83
0.93
0.69
1.60
0.72
0.76
0.60
0.75
0.85
1.31
0.80
0.99
1.02
0.78
1.79
1.50
1.09
1.10
1.02
1.65
0.85
1.55
1.22
0.91
0.94
1.06
1.02
2.18
1.30
2.57
0.74
1.07
1.24
2.25
0.91
0.90
0.91
0.84
0.77
2.62
1.35
0.93
1.65
0.58
0.55
1.04
0.86
0.93
0.76
0.57
0.60
1.46
1.06
0.58
0.65
0.87
0.73
1.47
0.93
0.88
1.37
0.81
1.04
1.44
0.77
0.78
0.76
0.66
0.65
1.54
1.13
0.75
0.82
1.23
0.55
1.49
0.80
0.72
0.65
0.85
1.12
1.90
0.85
1.28
0.65
1.27
0.90
1.93
1.35
0.88
0.71
0.74
0.67
1.27
0.76
1.22
0.69
0.74
0.70
0.91
0.71
1.63
0.74
1.12
1.28
0.86
0.82
0.84
1.17
0.91
1.64
0.77
0.61
0.69
0.77
0.70
1.45
0.59
0.62
0.80
1.01
0.79
1.31
0.62
1.05
0.99
0.68
1.09
1.54
0.71
0.72
0.93
1.13
1.35
1.70
0.63
0.83
0.81
0.72
0.49
1.56
0.89
0.95
0.55
0.64
0.79
2.37
0.88
0.83
0.81
0.82
1.04
1.68
0.87
1.05
0.89
0.71
0.80
1.83
0.57
0.95
0.91
1.22
0.73
1.62
0.77
0.59
0.80
0.74
0.79
1.65
0.65
0.79
1.37
1.05
1.06
1.52
1.06
1.04
0.78
0.92
0.81
1.36
0.73
0.79
0.68
0.94
0.69
1.46
0.87
0.68
1.13
0.74
0.62
2.08
0.76
0.90
1.23
1.24
0.67
1.88
0.66
0.93
0.92
0.74
0.85
1.65
0.64
1.00
0.68
0.56
0.92
1.53
0.45
0.74
0.91
2.31
0.94
1.73
1.47
0.90
0.70
0.68
1.03
1.78
0.89
0.72
1.16
0.75
0.89
1.73
0.75
0.85
0.69
0.55
0.58
1.50
0.56
0.96
1.36
0.84
0.58
0.87
0.71
1.97
0.50
0.68
1.69
1.11
0.63
0.67
0.85
0.83
1.43
0.84
0.84
0.94
0.92
0.86
1.47
0.68
0.85
0.63
0.74
0.74
1.19
0.66
0.68
0.90
1.02
0.74
1.03
0.89
0.46
1.14
0.88
0.91
1.45
0.71
0.75
1.02
0.91
0.85
1.54
0.66
0.99
0.80
0.60
0.96
1.34
1.05
0.67
0.63
0.75
0.64
1.11
1.26
0.84
0.80
0.79
1.16
1.38
1.04
0.84
1.24
1.14
1.31
1.49
1.42
0.81
1.25
1.18
0.75
1.67
1.13
1.34
0.88
2.32
1.06
1.73
0.78
0.96
1.11
0.86
0.86
1.75
1.31
0.63
0.74
0.89
0.73
1.43
0.61
0.56
0.89
0.72
1.18
1.56
0.93
0.71
0.81
0.67
0.81
1.72
0.89
1.19
1.45
0.83
1.26
1.33
0.89
0.86
0.89
0.87
0.70
1.41
0.70
0.68
0.64
0.77
0.85
1.66
0.61
0.71
0.71
1.18
0.90
1.28
0.80
1.21
0.95
1.04
0.96
1.48
0.98
0.75
0.87
0.94
0.83
1.50
0.66
0.66
0.74
0.81
0.78
0.51
0.87
1.91
0.80
0.83
1.42
0.62
0.67
0.57
0.82
0.77
1.07
0.64
0.70
0.53
0.68
0.58
0.85
0.71
0.65
0.67
0.77
0.74
0.98
0.68
0.58
0.71
0.71
0.53
0.87
0.66
0.79
0.52
0.66
0.48
0.92
0.73
0.68
0.82
0.74
0.54
0.74
0.67
0.84
0.84
0.79
0.77
0.86
0.90
1.11
0.77
0.63
0.77
1.20
0.86
0.78
0.81
0.81
0.74
1.45
0.71
0.63
0.66
1.16
1.00
1.36
0.78
0.87
0.69
0.72
0.94
1.53
0.67
0.85
1.08
0.95
0.92
1.54
0.81
0.67
0.71
1.04
0.62
1.43
0.65
0.67
0.80
1.01
1.05
1.39
0.67
0.86
0.54
0.73
0.91
1.11
0.69
0.76
0.79
0.94
0.69
0.79
0.66
0.70
0.76
0.73
0.61
0.74
0.68
0.96
0.65
0.86
0.91
0.73
0.66
0.70
0.81
0.75
0.67
0.77
0.61
0.65
0.51
0.54
0.77
0.88
0.55
0.74
0.79
0.61
0.68
0.79
0.71
0.96
0.71
0.69
0.57
0.82
0.77
0.67
0.58
0.74
0.67
0.68
0.82
1.92
0.67
0.64
1.29
0.63
0.80
0.49
0.62
0.65
0.72
0.66
0.67
0.61
0.49
0.59
0.69
0.45
0.73
0.60
0.55
0.71
0.84
0.65
0.60
0.74
0.64
0.56
0.76
0.70
0.55
0.74
0.84
0.58
1.09
0.72
0.75
0.38
0.54
0.64
1.09
0.57
0.73
0.61
0.60
0.67
1.04
0.82
0.60
0.76
0.70
0.77
1.12
0.69
0.56
0.76
0.50
0.47
0.73
0.60
0.59
0.64
0.57
0.70
0.72
0.58
0.52
0.59
0.60
0.74
0.85
0.42
0.54
0.72
0.71
0.86
0.57
0.75
0.68
0.86
0.98
0.60
0.70
0.54
0.48
0.58
0.64
0.68
0.90
0.62
0.69
0.67
0.76
0.84
0.68
0.50
0.80
0.66
0.61
0.76
0.90
0.89
0.70
0.69
0.71
0.77
0.84
1.10
0.73
0.77
0.61
0.93
0.94
0.65
0.61
0.99
0.81
0.92
0.74
0.62
0.60
0.62
0.65
0.74
0.79
0.59
0.59
0.84
0.71
1.05
0.78
0.58
0.76
0.66
0.67
0.75
0.80
0.41
0.59
0.64
0.60
0.83
0.53
0.95
2.15
0.89
1.65
1.40
0.80
1.15
0.63
1.05
0.99
1.69
0.97
0.74
0.99
0.89
1.20
1.30
0.43
0.65
0.70
1.07
1.82
1.54
0.78
0.67
0.77
0.63
1.46
1.45
0.82
0.96
0.66
1.03
1.00
1.14
0.50
0.94
0.84
0.53
1.25
1.69
0.83
1.55
1.18
1.07
1.45
1.50
0.98
0.82
0.67
0.88
1.35
1.65
1.18
1.04
1.00
0.86
1.03
1.80
0.65
1.09
1.18
0.89
1.37
0.83
0.72
1.07
0.87
0.48
0.83
0.75
0.73
1.20
0.66
0.98
0.87
1.14
0.76
1.06
0.88
0.99
1.70
1.59
1.76
0.90
0.87
0.65
0.91
1.00
1.24
0.75
0.84
0.80
0.69
1.14
0.67
0.64
1.05
0.79
0.71
0.96
0.59
0.95
0.93
0.74
0.74
1.01
0.83
0.95
0.78
0.55
0.60
1.45
0.74
0.82
1.07
0.86
0.68
0.96
0.64
1.05
1.04
0.73
0.58
1.02
1.06
0.99
0.88
0.79
0.88
1.34
0.89
1.23
1.08
0.70
0.91
1.16
0.68
0.88
1.17
0.75
0.81
0.76
0.67
1.55
0.80
0.86
0.99
0.90
0.89
0.85
0.74
1.05
1.15
0.74
0.54
0.73
0.75
0.95
1.13
0.52
0.50
0.70
0.64
0.78
1.12
0.99
0.62
0.69
0.64
0.70
1.32
0.71
0.66
0.70
0.80
0.69
1.21
0.75
0.56
0.67
0.49
0.77
1.07
0.77
0.74
1.35
1.73
1.72
1.56
0.64
0.99
0.85
0.69
0.86
1.33
1.25
0.90
0.60
0.72
0.51
2.16
0.91
1.14
0.69
0.51
0.85
1.80
0.67
0.77
0.71
0.71
1.50
1.57
0.87
0.70
0.87
1.08
0.83
1.55
1.09
0.75
1.26
0.67
0.81
1.64
0.90
1.15
0.82
0.75
1.05
0.71
0.61
1.14
0.78
0.93
0.97
1.32
0.66
0.61
0.72
0.96
0.71
1.25
0.89
1.19
0.69
0.76
0.78
1.50
0.77
1.02
0.67
0.84
0.54
1.30
0.49
0.75
0.83
0.60
0.78
1.12
0.75
0.79
0.80
0.65
0.68
1.30
0.96
0.73
0.97
0.65
0.78
1.17
0.88
0.58
1.03
0.55
0.86
1.06
0.68
0.79
0.85
1.06
0.82
0.87
0.73
1.83
0.78
0.95
1.56
0.58
1.03
0.88
1.05
0.52
1.07
0.93
0.68
0.84
0.54
0.79
1.04
0.75
0.66
0.63
0.84
0.56
1.39
0.76
1.03
1.17
0.71
1.29
0.89
0.80
1.00
0.49
0.57
0.82
1.29
0.74
1.37
1.00
0.90
1.21
0.84
0.94
1.01
0.82
1.22
0.85
1.49
1.71
1.20
0.98
0.56
1.12
1.10
1.28
2.66
1.02
1.08
1.51
1.49
1.36
1.12
1.06
0.82
0.91
1.26
0.96
0.92
0.92
0.63
1.33
1.47
0.76
1.06
0.89
2.01
1.03
1.09
1.65
0.80
0.80
1.04
0.84
1.23
0.80
1.05
0.98
0.78
0.84
1.07
1.04
1.16
0.85
0.67
1.11
1.43
0.87
1.12
0.65
0.83
1.26
1.36
0.98
1.07
0.89
0.51
0.98
1.09
0.79
1.03
0.67
0.79
0.97
1.00
0.60
0.93
0.61
1.00
1.40
1.38
0.89
1.07
0.71
1.02
1.18
1.10
0.74
1.03
0.65
0.69
1.22
1.21
0.73
1.11
0.87
0.80
0.64
1.33
0.92
0.95
0.81
0.87
1.05
0.70
1.02
1.72
1.31
0.95
1.24
0.84
1.84
0.84
0.79
1.13
2.17
0.68
1.01
0.86
0.69
1.32
2.04
0.92
1.03
0.73
0.93
0.96
1.07
0.62
1.31
0.76
0.79
1.03
1.12
0.60
1.45
0.73
0.98
1.05
0.86
0.82
0.93
0.86
0.54
0.81
1.26
0.56
1.07
0.93
1.00
1.66
1.11
0.87
1.05
0.82
0.97
1.13
1.45
0.49
1.05
0.83
0.96
1.53
1.60
0.94
0.96
0.83
0.69
1.29
1.76
0.89
1.45
0.78
0.62
1.19
1.87
0.71
1.28
0.79
0.87
2.03
1.33
0.98
1.11
1.52
0.62
1.02
1.28
0.76
1.29
1.05
0.84
1.10
1.12
1.09
0.88
0.97
0.64
1.22
1.66
0.84
1.10
1.16
0.85
1.12
1.74
0.70
1.52
1.19
0.74
1.30
1.06
0.68
1.11
0.99
0.65
1.09
1.27
0.77
1.72
1.11
0.87
1.16
1.22
0.70
0.93
1.61
0.58
0.91
1.19
0.73
1.17
0.94
1.36
1.66
1.27
0.89
1.37
0.86
1.18
1.22
1.29
1.17
1.00
1.33
0.62
1.70
0.83
0.97
2.43
0.89
1.28
0.93
0.72
1.49
0.80
0.73
1.16
1.13
0.70
1.00
0.59
0.88
0.97
1.12
0.60
0.96
0.78
0.92
1.04
1.26
0.92
1.20
0.88
0.92
1.18
1.14
0.91
1.07
0.63
0.56
1.34
1.17
0.72
0.89
0.79
0.72
1.12
0.90
0.60
0.96
0.56
0.71
1.23
2.23
0.68
1.12
1.00
0.96
2.06
1.96
0.57
1.29
0.86
0.99
1.33
1.19
0.84
1.25
0.67
0.70
1.13
1.21
0.69
1.09
0.64
1.01
1.24
1.57
0.81
0.97
0.89
0.84
1.18
1.96
1.12
1.85
1.12
0.68
1.63
2.06
1.52
1.75
0.84
0.88
0.89
1.18
0.70
1.10
0.93
0.88
1.35
1.77
0.67
1.21
0.88
2.13
1.06
1.91
0.94
1.03
0.79
0.63
1.47
1.60
0.84
1.14
0.63
0.65
1.41
1.43
1.12
1.20
1.16
0.94
1.29
1.44
0.70
1.57
0.81
0.78
1.08
1.49
0.93
1.40
0.72
0.92
1.22
1.41
0.55
1.18
0.83
0.72
1.16
1.59
0.65
1.65
1.09
0.79
1.00
0.98
1.17
1.77
0.82
2.51
1.42
0.71
1.41
0.77
1.00
1.61
1.25
0.66
1.16
0.66
0.65
1.40
1.27
0.49
1.11
0.68
1.56
1.33
1.71
0.72
1.29
0.81
0.93
1.76
1.45
0.96
1.63
1.23
0.88
1.01
1.70
0.65
1.12
1.28
0.63
1.11
1.22
0.80
1.88
1.22
0.91
1.49
1.66
0.80
1.01
0.80
1.43
1.61
2.74
0.74
0.99
0.87
0.55
1.85
1.85
0.73
1.36
0.81
0.52
1.15
1.12
0.67
1.41
0.68
0.93
1.65
1.88
0.95
1.36
0.99
0.95
1.47
1.62
0.92
1.61
1.01
0.58
1.12
1.72
0.84
1.48
0.94
0.87
0.88
1.21
0.81
1.04
0.76
0.54
1.05
0.97
0.74
1.31
0.79
0.77
1.23
1.05
0.79
1.04
0.69
0.70
1.37
1.50
0.87
1.25
0.80
0.70
1.34
1.18
0.89
1.14
0.76
0.68
1.32
1.14
0.95
1.17
0.75
0.84
1.13
1.20
0.78
0.88
0.75
0.73
1.32
1.05
0.66
1.22
0.59
0.78
1.09
1.40
0.86
1.00
0.68
0.74
1.50
0.63
1.09
1.89
0.71
1.36
1.28
0.77
1.05
0.90
0.60
1.34
1.16
0.56
1.23
0.84
0.53
1.41
1.14
0.64
1.20
0.66
0.58
0.94
1.23
0.79
0.95
0.61
0.63
1.10
1.18
0.70
0.89
0.72
0.71
1.03
1.68
0.68
1.07
0.75
0.60
1.26
1.08
0.69
1.13
0.85
0.67
1.06
1.16
1.54
1.35
0.81
0.65
1.14
1.08
0.65
1.28
0.41
0.52
1.35
1.60
0.98
1.46
0.56
0.81
2.38
1.34
0.79
1.45
1.04
1.21
1.38
1.31
0.57
1.11
0.68
0.73
1.45
1.35
0.72
1.74
0.52
0.71
1.71
1.36
0.92
1.49
0.90
0.82
1.10
1.22
0.94
1.37
0.76
1.12
1.65
1.31
0.68
1.41
0.71
0.62
1.60
1.17
0.67
1.18
0.61
0.62
1.28
1.04
0.68
1.11
0.67
0.73
1.30
1.43
0.70
1.45
0.82
0.72
1.11
1.22
0.69
1.20
0.73
0.94
1.38
1.66
0.49
1.45
0.61
0.80
1.43
1.40
0.77
1.47
0.89
0.70
1.24
1.12
0.73
1.51
0.63
0.70
1.82
1.31
1.30
2.18
1.15
1.42
1.76
0.94
1.38
1.05
1.75
1.69
1.46
0.98
1.51
0.92
0.85
1.54
1.43
0.70
1.11
0.76
0.54
1.66
1.47
1.16
1.43
0.89
1.15
1.55
1.72
0.82
1.59
0.94
0.94
1.96
1.26
1.00
1.68
1.03
0.60
1.27
1.25
0.80
1.71
0.79
0.89
2.16
1.65
1.02
1.47
0.91
1.01
1.70
1.81
1.38
1.57
0.60
0.83
1.49
1.65
0.71
1.87
1.05
1.24
1.24
1.53
0.68
1.61
0.71
0.81
1.84
1.49
0.85
1.64
1.20
0.99
1.32
1.65
0.99
1.80
1.00
0.66
1.98
1.49
0.68
1.47
0.98
0.93
1.64
1.88
0.51
1.63
0.98
0.86
1.34
2.06
0.91
1.37
1.10
0.96
1.85
1.77
1.29
1.60
0.94
0.69
2.01
1.46
0.82
1.61
1.05
0.82
1.51
1.31
0.66
1.39
1.06
0.69
1.47
1.22
1.66
1.67
1.05
0.68
1.13
1.82
0.90
1.74
0.82
0.71
1.63
1.51
0.88
1.42
0.91
0.60
1.22
1.36
1.17
1.57
0.91
0.83
1.29
0.76
1.95
3.10
0.67
2.03
1.86
1.38
1.52
0.79
0.65
1.68
1.62
1.17
0.78
0.86
2.23
1.06
1.53
0.93
1.25
0.73
0.75
0.75
1.55
1.01
1.03
0.79
0.57
1.10
1.75
0.77
0.85
0.96
0.67
0.64
1.88
0.75
0.80
0.80
0.73
0.91
1.51
0.61
1.11
0.63
1.22
0.96
1.53
0.87
0.82
0.91
1.06
1.25
1.88
0.78
0.82
0.88
0.92
0.89
1.95
1.67
0.88
0.99
0.77
0.87
1.52
1.79
2.78
1.65
2.05
2.98
2.88
1.78
2.75
1.08
1.09
0.85
1.63
0.91
1.60
0.99
1.05
1.02
1.60
1.80
0.95
0.84
0.98
0.75
1.22
0.65
0.62
1.00
0.80
0.84
1.91
0.73
1.22
1.11
0.90
0.95
2.19
0.94
0.70
0.69
1.49
1.12
1.59
0.64
1.37
0.89
0.57
0.67
1.54
0.77
0.57
0.85
0.87
1.10
1.90
0.75
1.06
1.00
0.90
1.08
2.20
0.86
1.96
1.03
0.75
1.03
1.62
0.97
0.94
0.81
0.49
0.89
1.42
0.74
0.80
0.67
0.94
0.82
0.58
1.76
2.42
0.53
0.51
1.35
0.72
0.74
1.34
0.45
0.69
1.55
0.78
0.73
0.87
0.52
0.80
1.19
0.65
0.64
1.03
0.61
0.87
1.26
0.70
0.71
0.94
0.74
1.23
1.58
0.48
0.87
0.98
0.79
1.01
1.53
0.46
0.72
0.83
0.67
0.73
1.57
0.64
1.80
1.09
0.54
0.68
1.67
0.73
0.82
1.64
0.70
0.66
1.45
0.62
0.81
2.00
1.18
1.01
1.24
0.95
0.53
1.38
0.83
0.95
3.48
1.76
1.25
2.11
0.87
1.06
2.83
2.69
2.16
2.80
1.84
0.91
1.68
0.61
1.19
1.26
1.21
0.76
1.89
1.46
1.42
1.01
0.78
0.72
1.56
0.98
0.72
0.94
0.61
0.77
1.43
0.53
0.73
0.86
1.02
0.65
1.34
0.74
0.72
1.50
0.91
1.60
2.15
1.00
40.67
1.29
0.86
1.40
1.24
1.06
0.97
0.97
0.89
0.80
1.47
0.67
1.15
0.49
1.01
0.84
1.46
0.51
0.50
0.83
0.62
1.00
1.47
0.71
0.96
0.73
0.66
0.72
1.55
1.00
0.63
0.78
0.57
0.76
0.52
0.76
1.75
0.75
0.75
1.45
0.51
0.83
0.80
0.70
0.89
1.34
0.80
1.05
0.90
0.66
0.74
1.41
0.74
0.69
0.70
0.82
0.74
1.08
0.95
1.04
0.48
0.58
0.63
1.62
0.70
0.77
0.61
1.06
0.82
1.50
0.86
0.77
0.58
0.49
0.85
1.77
0.59
0.52
0.85
0.71
0.88
1.52
0.68
0.99
0.91
0.88
1.40
2.47
1.13
1.63
1.59
1.08
1.41
3.08
2.12
1.55
1.70
1.06
1.04
2.66
1.16
1.67
1.14
1.33
1.55
1.58
1.09
1.40
1.39
1.86
1.43
1.79
1.73
1.18
1.35
0.90
0.90
2.21
1.61
1.35
0.89
0.88
1.04
1.55
0.86
1.01
0.71
1.52
1.09
1.91
0.92
0.99
0.94
0.51
0.97
1.65
0.91
0.94
0.73
0.63
0.97
1.60
0.85
0.99
0.63
0.81
1.18
1.31
0.78
1.16
0.65
0.82
1.15
1.52
0.85
0.98
0.98
0.72
1.27
1.45
1.07
0.75
0.93
0.50
0.95
1.76
0.97
1.03
1.12
0.88
0.63
1.32
0.88
1.30
0.71
0.68
1.36
1.13
0.96
1.91
1.04
1.03
1.88
0.83
0.88
0.69
0.69
0.86
1.62
0.82
0.78
0.95
0.66
0.93
1.58
0.68
1.12
0.61
0.86
0.62
1.71
0.94
0.72
1.00
0.69
1.10
1.87
0.75
1.16
0.71
0.55
0.99
1.73
0.98
1.36
0.66
0.81
0.72
1.55
0.80
1.05
1.41
0.60
1.41
1.68
0.79
1.27
1.01
0.93
1.68
1.54
0.57
1.01
0.87
1.71
0.80
1.77
0.74
1.11
0.73
0.79
1.31
1.50
0.82
1.39
1.21
0.79
0.74
1.79
0.68
1.27
1.07
0.91
1.48
1.74
1.08
1.18
0.69
0.94
1.39
1.84
0.59
1.80
0.90
0.64
1.21
1.20
0.55
0.96
0.69
0.73
0.70
1.55
0.61
1.31
0.86
0.79
1.05
1.29
0.63
0.80
0.81
0.57
1.21
2.15
0.85
1.12
0.99
0.62
0.93
1.31
1.09
1.19
0.96
0.93
0.98
3.18
0.92
1.11
1.91
0.95
1.08
1.51
0.92
1.33
0.72
0.83
1.22
1.26
1.00
1.16
0.73
0.53
0.88
1.13
0.80
2.12
0.78
0.72
1.19
1.16
1.41
1.78
0.74
1.03
1.76
0.76
1.07
0.74
0.95
1.33
1.09
0.70
0.83
1.06
0.64
1.25
1.25
0.74
0.84
0.85
0.91
1.33
1.44
1.06
1.30
1.41
1.09
1.25
1.48
0.79
1.01
0.54
1.14
0.91
1.06
1.12
1.12
0.89
0.77
1.00
1.54
0.69
1.25
0.79
0.83
1.55
1.23
0.90
1.54
0.89
0.78
1.39
1.48
0.74
1.42
0.96
0.57
1.37
1.63
0.60
1.31
0.80
0.78
2.33
1.66
0.43
0.91
0.62
1.16
1.44
1.83
0.70
1.03
0.83
1.17
1.19
1.46
0.83
1.27
0.79
0.83
1.15
1.39
1.21
1.18
1.10
0.71
0.87
1.20
1.02
1.18
0.55
0.49
0.97
1.21
0.71
1.18
0.86
0.65
1.02
1.12
0.72
0.86
0.74
0.78
0.97
1.19
0.83
1.14
0.76
0.65
1.02
1.14
0.78
0.81
0.73
0.58
0.78
1.24
0.65
0.81
0.56
0.65
1.11
1.28
0.74
0.87
0.75
0.65
1.12
1.21
0.58
1.31
0.71
0.54
1.02
1.20
0.57
1.14
0.51
0.50
1.14
0.76
1.07
1.57
0.77
1.18
1.21
0.86
0.96
0.62
0.75
0.83
1.23
0.72
0.88
0.85
0.74
1.02
0.88
0.58
1.07
0.74
0.76
1.12
0.86
0.45
1.00
0.71
0.85
1.05
1.35
0.53
0.98
0.58
0.79
1.16
1.10
0.75
1.04
0.85
0.92
1.14
1.24
0.64
1.15
0.84
0.58
0.96
1.26
0.59
1.20
0.87
0.60
1.38
1.56
1.17
1.18
1.07
0.58
1.23
1.24
1.06
1.90
0.92
0.93
1.29
1.30
0.95
1.60
0.71
0.57
1.43
1.29
0.89
1.26
0.74
0.89
1.45
1.19
1.03
1.20
1.21
0.91
2.01
1.88
0.82
1.49
0.76
0.74
1.29
0.98
0.70
1.34
1.02
0.86
1.11
1.34
0.75
0.84
0.74
0.55
0.75
1.27
0.73
0.77
0.72
0.88
1.21
1.25
0.81
1.02
0.90
0.67
1.12
0.85
0.70
1.43
0.93
0.61
1.34
1.26
0.68
1.01
1.10
0.72
1.19
1.44
0.63
1.14
0.78
0.70
1.04
1.59
0.86
0.99
0.72
0.49
1.02
1.40
0.58
1.25
1.20
0.92
1.08
0.99
1.21
2.21
0.84
1.26
1.65
0.82
1.24
0.92
0.60
1.26
1.45
0.89
1.75
0.75
0.93
1.44
1.28
0.65
1.24
1.03
0.75
1.27
1.70
0.85
1.63
1.20
0.71
1.18
1.74
0.74
1.15
1.16
0.59
1.09
1.49
0.92
1.25
1.10
0.66
1.12
1.46
0.77
1.67
1.30
0.83
1.58
2.23
0.89
1.41
1.27
0.79
1.56
1.31
0.75
1.38
1.96
0.76
1.29
1.59
0.85
1.12
1.72
0.98
1.54
1.32
0.95
1.33
1.38
1.21
1.84
1.81
0.90
1.32
1.07
0.96
1.19
1.26
0.83
1.19
0.99
1.45
1.67
1.86
0.66
2.80
1.12
1.21
1.08
1.11
0.80
1.60
0.91
1.25
1.52
1.65
0.64
1.98
1.00
1.25
1.75
1.56
0.89
1.20
0.74
1.09
1.39
1.43
0.74
2.10
0.65
0.59
1.58
1.39
1.19
1.37
1.11
1.21
1.19
1.61
0.73
1.46
1.07
0.75
1.30
1.61
0.75
1.64
0.80
0.78
1.19
1.73
0.80
1.96
0.75
0.99
1.31
1.23
0.85
1.35
0.72
0.69
1.55
0.77
1.52
1.84
0.74
1.83
1.44
0.70
1.33
0.56
0.94
1.65
1.16
0.66
1.57
0.84
0.77
1.24
0.98
0.65
1.29
1.09
0.79
1.07
2.16
0.73
1.33
0.75
0.88
1.16
0.97
0.75
1.45
1.08
0.75
1.48
1.37
0.63
1.11
0.82
0.84
0.94
0.96
0.66
1.59
0.91
0.90
1.80
1.51
0.77
1.22
0.80
1.02
1.55
1.52
1.08
1.35
0.97
0.88
1.68
2.20
1.41
1.74
1.00
1.55
1.28
1.02
0.80
1.25
0.94
0.81
1.47
1.51
0.72
2.65
0.84
0.82
1.56
1.91
0.93
2.35
0.97
0.94
1.51
2.27
1.08
1.38
1.19
0.97
1.48
2.26
0.55
1.30
0.95
0.72
1.82
1.63
0.84
1.81
1.82
1.61
1.46
1.71
1.19
1.71
1.02
0.98
2.48
2.48
1.30
2.47
0.69
0.72
1.58
1.37
1.05
1.42
1.14
1.48
1.79
1.25
0.81
2.03
0.71
1.00
2.00
1.21
1.43
1.28
0.87
0.92
1.56
1.44
1.10
3.48
2.12
0.84
3.00
2.35
0.71
1.41
0.81
0.99
1.93
1.16
2.24
1.97
0.89
1.54
1.43
0.53
1.37
0.88
1.07
1.63
1.61
1.13
1.52
0.83
0.85
1.45
1.25
0.70
1.32
0.80
0.96
1.68
1.36
0.61
1.44
0.78
0.78
1.69
1.38
0.74
1.16
0.78
0.94
1.33
1.41
0.76
1.39
0.68
0.68
1.35
0.88
0.77
1.96
0.97
0.72
1.73
2.14
0.92
1.63
0.91
2.30
1.54
1.72
0.77
1.55
0.76
0.82
2.11
1.57
0.91
2.19
0.64
0.97
1.55
1.29
0.71
1.28
1.23
1.06
2.98
1.38
1.08
1.49
0.97
0.98
2.09
1.69
0.81
2.02
0.77
0.89
1.58
2.38
0.95
2.15
1.10
0.99
1.54
1.06
0.85
1.42
0.99
1.04
1.59
3.23
1.13
1.80
0.70
1.11
1.56
1.70
0.97
1.62
0.83
1.72
1.69
1.77
0.63
1.97
0.85
0.71
1.76
1.32
1.19
1.90
0.54
1.50
1.85
1.70
0.92
1.16
0.78
0.81
1.47
1.79
0.82
1.47
0.58
1.00
1.66
1.55
0.94
1.96
0.70
0.70
1.67
1.52
0.75
1.14
0.82
0.73
1.57
0.74
1.72
1.72
0.75
1.49
1.51
0.78
1.69
0.69
0.83
1.81
1.46
0.71
1.64
0.97
0.61
1.64
1.80
0.68
1.28
0.64
0.66
1.70
1.34
0.84
1.39
0.65
0.56
1.52
1.56
0.74
1.64
0.53
0.84
1.45
1.44
0.86
1.54
1.10
0.61
1.64
1.24
0.78
1.76
0.69
0.81
1.92
1.86
0.82
2.00
0.85
1.15
1.80
2.16
1.07
3.14
0.91
1.99
2.16
1.56
0.96
1.43
0.93
1.60
1.66
1.25
1.11
1.70
2.17
0.78
1.64
2.01
0.96
2.44
0.76
0.95
1.69
2.31
1.55
1.75
1.19
0.77
1.87
1.84
1.68
1.71
1.31
1.01
1.60
1.32
0.83
1.47
1.18
0.85
2.01
1.52
0.77
1.44
1.00
1.79
2.01
2.19
0.71
2.81
0.42
0.97
2.32
1.89
0.86
1.76
4.09
0.66
1.63
1.32
1.70
1.51
0.81
1.07
1.94
1.65
1.02
1.85
0.94
0.82
2.05
1.56
0.71
1.96
0.64
1.24
1.23
2.09
0.60
1.42
1.57
0.62
1.41
3.29
0.77
1.48
0.68
0.70
1.30
0.87
1.57
1.94
0.82
1.56
1.66
0.81
1.32
0.64
0.84
1.76
1.55
0.74
1.64
1.02
0.96
1.74
1.18
0.82
1.68
0.52
0.90
1.62
1.48
0.67
2.66
0.80
0.69
1.72
1.43
0.70
1.47
0.65
1.51
1.95
1.53
1.09
1.89
0.79
0.67
1.65
1.38
0.60
1.64
1.05
0.84
2.54
1.82
0.88
1.73
0.68
1.06
2.04
1.58
0.88
1.41
0.78
0.88
2.22
2.04
1.73
1.84
1.12
0.91
3.74
1.56
0.99
1.60
0.58
0.77
1.78
1.55
1.01
1.50
1.05
0.82
1.87
1.73
0.74
1.85
0.87
0.67
1.77
1.89
0.76
2.29
0.87
2.22
1.94
1.89
0.77
2.03
0.70
1.20
1.96
1.84
1.01
2.35
0.92
1.53
1.77
1.83
1.39
2.08
1.70
0.78
2.19
2.06
1.06
2.03
0.58
0.63
1.96
1.73
0.88
1.77
0.77
1.06
2.08
1.70
1.03
2.28
0.81
1.01
1.86
1.75
0.65
1.73
0.87
1.04
2.31
1.68
0.87
1.51
0.94
0.46
1.60
1.51
0.86
1.56
0.93
0.86
1.88
0.80
1.81
2.28
0.95
2.00
1.97
0.95
2.22
1.37
1.24
1.81
1.71
0.86
1.57
0.69
0.49
1.75
1.46
0.65
1.92
0.59
0.86
1.95
1.60
0.80
1.40
0.58
0.66
2.06
1.82
0.91
1.74
0.80
0.61
1.97
1.48
0.99
1.59
0.86
0.62
1.48
1.67
0.69
1.88
0.67
0.75
1.69
1.50
0.67
1.53
0.71
0.64
1.79
1.36
0.57
1.45
0.60
0.69
1.99
1.90
0.81
1.51
0.52
1.06
1.66
1.79
0.88
1.69
0.58
0.69
1.45
1.68
0.69
1.88
0.83
0.45
1.80
1.73
0.66
1.44
0.70
0.72
1.96
1.71
0.74
1.83
0.84
0.65
1.73
1.40
0.61
1.77
0.86
0.59
1.94
1.58
0.83
1.72
0.75
0.63
1.95
1.56
0.80
1.83
0.61
0.53
2.04
1.38
0.72
2.22
0.63
0.74
1.99
1.24
0.57
1.83
0.61
0.37
1.93
1.32
0.75
1.44
0.61
0.68
1.89
1.20
0.53
1.88
0.74
0.70
1.81
1.22
0.64
1.81
0.69
0.65
1.82
1.26
0.73
1.70
1.00
0.68
1.97
0.70
1.63
1.72
0.83
1.63
1.54
0.79
1.63
0.68
0.64
1.75
1.37
0.63
1.59
0.70
0.45
1.80
1.78
0.79
2.28
0.70
0.79
2.03
1.32
0.61
1.83
0.72
0.59
1.98
1.27
0.56
1.88
0.60
0.59
1.78
1.40
0.84
1.84
0.57
0.73
2.19
1.49
0.65
1.79
0.59
0.62
2.41
1.38
0.83
1.72
0.75
0.57
1.80
1.41
0.69
1.78
0.75
0.57
1.63
1.21
0.84
1.64
0.59
0.45
2.03
1.77
0.65
1.76
0.57
0.47
1.53
1.31
0.69
1.99
0.51
0.64
2.00
1.36
0.62
1.92
0.68
0.60
2.03
1.33
0.92
1.72
0.73
0.63
1.70
1.35
0.95
1.65
0.73
0.77
1.79
1.50
0.59
1.53
0.91
0.71
2.17
1.10
0.72
1.98
0.65
0.79
2.28
1.35
0.80
2.02
0.74
0.65
2.14
1.32
0.75
2.02
0.94
0.88
2.19
1.51
0.89
2.04
0.81
0.75
1.92
0.85
0.72
1.75
0.77
0.77
2.17
1.32
0.82
2.03
0.52
0.70
1.76
1.33
1.05
2.00
0.89
0.89
2.26
0.82
2.28
1.97
0.97
3.10
1.90
0.97
2.73
0.65
0.88
2.59
1.38
0.92
2.19
0.99
0.91
3.02
1.36
0.72
2.41
0.60
1.20
2.77
2.18
1.07
2.32
0.67
1.22
2.80
1.68
0.91
2.41
0.98
0.86
2.44
2.30
1.07
2.81
1.58
0.76
2.63
1.36
1.11
2.67
1.21
0.99
3.41
2.50
0.82
2.39
1.46
1.16
2.98
1.76
1.04
2.53
1.29
1.31
2.95
2.14
2.94
2.55
1.16
1.69
3.36
2.14
1.00
2.39
0.99
1.90
2.96
3.15
3.10
3.17
1.24
1.51
1.52
2.73
1.41
2.75
1.17
1.62
2.15
2.27
1.07
1.37
1.44
2.07
1.35
1.33
0.69
1.67
1.21
2.47
1.67
2.38
1.14
1.59
1.79
2.27
1.83
2.18
1.54
1.72
0.86
2.10
1.83
2.36
1.09
1.36
0.91
1.22
1.92
2.07
1.66
2.36
0.66
1.02
1.62
1.52
1.11
1.61
1.09
1.15
1.45
1.91
1.21
1.74
1.06
1.15
2.16
1.95
1.12
1.65
0.84
0.81
1.37
1.11
0.61
1.65
0.79
1.04
1.76
0.88
1.57
2.18
1.00
1.96
1.98
0.87
1.03
0.64
1.13
1.81
1.51
1.19
1.59
0.86
0.73
1.57
1.33
0.62
1.41
0.68
0.84
1.43
1.31
0.73
1.26
0.99
1.47
1.50
1.60
1.09
1.84
0.64
0.82
1.94
1.39
0.74
1.71
0.91
0.84
1.65
1.23
1.05
1.91
0.96
1.78
2.02
2.05
0.92
2.43
1.24
1.24
2.34
1.98
1.35
2.00
0.95
1.42
2.49
1.79
1.39
1.48
0.97
0.97
1.09
0.83
0.83
1.92
0.70
1.38
2.47
2.02
1.25
1.79
1.92
1.03
2.36
2.18
1.07
2.08
1.72
0.98
1.20
1.37
0.67
0.65
1.18
0.79
0.72
0.80
