0.07
0.05
176.51
8.21
4.64
551.77
5.00
0.05
0.08
0.03
0.01
0.01
0.00
0.01
0.00
0.00
0.00
0.06
0.01
0.12
0.00
0.00
0.32
0.06
0.01
0.06
0.01
0.02
0.01
0.08
0.09
0.02
0.07
0.01
0.03
0.06
0.12
0.00
0.03
0.01
0.00
0.26
0.00
0.01
0.01
0.03
0.09
0.13
0.04
0.02
0.01
0.02
0.01
0.18
0.07
0.08
0.03
0.01
0.00
0.08
0.06
0.09
0.01
0.16
0.00
0.00
0.02
0.02
0.01
0.00
0.01
0.01
0.03
0.06
0.01
0.01
0.01
0.01
0.10
0.01
0.00
0.00
0.00
0.11
0.11
0.28
0.08
0.01
0.17
0.07
0.52
0.09
0.05
0.23
0.25
72.59
0.13
0.08
0.14
1.16
1.01
384.98
0.15
0.23
0.14
0.20
0.20
346.89
0.43
0.40
0.10
2.08
1.33
255.30
0.19
0.22
0.28
0.91
1.29
523.97
0.27
0.19
0.16
0.33
0.43
550.27
0.18
0.22
0.16
1.12
1.51
390.67
0.16
0.16
0.02
0.25
0.16
499.43
40.01
0.27
0.12
0.65
0.96
0.22
0.19
3.65
4.03
3.09
705.23
112.91
0.26
0.07
0.18
1.22
441.06
0.15
0.10
0.07
0.42
1.68
516.06
0.08
0.72
0.00
0.24
0.48
231.50
0.07
0.15
0.04
0.55
3.77
231.93
0.15
0.21
0.08
0.34
0.22
711.64
138.85
0.27
0.15
0.27
0.10
381.62
0.26
0.11
0.34
1.37
3.75
622.38
4.20
0.45
0.35
1.37
1.21
823.81
479.02
9.79
2.39
1.61
1.56
820.95
359.33
15.33
6.89
1.58
1.85
832.28
309.63
0.56
0.41
1.28
1.08
844.98
281.14
0.56
0.31
0.97
0.85
785.80
340.06
0.28
0.14
2.03
1.78
895.79
484.88
0.21
0.21
1.79
1.66
935.99
208.47
0.33
0.20
2.42
2.58
681.82
287.39
0.27
0.14
1.01
0.92
784.29
284.73
0.13
0.22
0.36
0.33
817.73
44.20
0.27
0.14
0.84
0.79
647.32
29.42
0.37
0.27
3.44
2.81
662.41
141.57
0.23
0.20
1.75
1.69
675.54
128.53
0.24
0.18
0.55
0.73
703.26
354.10
0.20
0.19
0.76
0.46
828.86
223.34
0.20
0.10
2.37
1.33
367.00
0.16
6.74
2.98
1.92
699.91
347.20
0.17
0.15
0.94
0.55
710.05
328.19
0.17
0.11
0.71
0.71
689.06
19.62
0.09
0.21
1.94
1.85
94.13
0.07
0.06
0.07
0.26
0.69
142.95
0.18
0.14
0.11
0.26
0.12
385.37
0.29
0.18
0.09
0.28
0.13
305.97
0.26
0.32
0.19
0.22
0.53
936.05
196.04
0.21
0.09
0.93
1.39
333.38
0.23
0.30
0.26
2.17
3.28
730.06
0.35
0.37
0.53
1.75
2.20
733.41
88.59
0.09
0.68
2.12
2.61
697.60
85.31
0.17
0.18
1.36
2.27
912.31
377.16
0.24
0.64
0.74
0.71
852.21
485.90
2.23
5.99
0.59
0.40
853.35
373.81
0.77
6.15
0.52
0.79
897.91
287.35
0.13
0.25
0.21
0.23
864.02
296.96
0.24
0.14
0.33
0.27
853.56
304.48
0.17
0.28
0.11
0.08
865.99
291.81
0.19
0.38
0.59
0.47
929.86
198.28
0.20
0.27
0.29
0.09
963.17
142.92
0.14
0.11
2.79
1.18
872.00
262.68
0.11
0.08
0.33
0.19
843.83
274.11
0.28
0.21
0.39
0.31
282.27
0.08
3.22
2.71
3.47
851.54
250.85
0.13
0.06
0.42
0.21
916.57
184.52
0.34
0.18
0.37
0.39
825.53
289.82
0.21
0.03
2.70
0.37
840.88
264.28
0.35
0.06
0.46
0.36
902.24
227.09
0.09
0.07
0.26
0.82
948.43
193.46
0.14
0.11
0.19
0.05
820.36
288.75
0.19
0.37
0.58
0.82
823.63
287.61
0.08
0.12
0.48
0.18
907.49
216.97
0.08
0.21
0.36
0.46
942.17
215.46
0.10
0.65
1.40
1.26
975.20
214.99
0.14
0.17
0.32
0.31
955.24
191.60
0.16
0.16
0.56
0.24
901.42
240.33
0.25
0.16
0.53
0.63
885.28
268.75
0.14
0.18
1.45
1.87
1006.70
178.55
0.23
0.20
0.75
0.63
913.79
238.76
0.28
0.27
0.43
0.30
816.10
331.49
0.08
0.18
0.21
0.24
980.58
168.21
0.38
0.07
0.17
0.09
952.02
195.64
0.54
0.66
0.95
1.33
1021.84
140.98
0.31
0.41
0.44
0.42
966.09
176.87
0.07
0.31
0.28
0.17
939.77
203.17
0.18
0.14
0.30
0.28
928.22
190.32
0.17
0.26
0.66
0.27
317.66
0.24
3.69
2.84
1.63
806.09
319.35
0.08
0.11
0.65
0.38
864.96
78.92
0.09
0.15
1.91
3.04
841.68
44.35
0.41
0.03
1.04
1.60
381.01
0.18
0.23
0.09
0.54
1.96
236.15
0.19
0.11
0.20
0.23
0.44
423.74
0.19
0.19
0.31
0.89
1.71
483.90
0.10
0.21
0.31
0.76
0.80
490.07
0.23
0.16
0.22
1.62
1.95
445.43
0.29
0.17
0.22
2.67
3.81
633.98
0.38
0.19
0.18
3.92
5.23
788.09
0.27
0.22
0.31
2.42
3.99
777.59
0.49
0.30
0.10
3.42
3.06
726.90
214.56
0.25
0.42
2.25
2.46
851.84
131.48
0.21
0.26
2.52
3.09
854.79
131.49
0.22
0.14
0.64
0.75
819.11
185.58
0.08
0.18
0.34
0.43
693.85
295.38
0.45
0.26
3.21
2.95
663.74
337.55
0.16
0.22
1.65
1.88
883.43
116.41
0.23
0.18
2.94
2.63
693.96
335.99
0.24
0.14
0.48
0.57
699.71
297.26
0.63
2.11
1.83
1.98
746.75
255.13
0.31
0.19
0.69
0.62
876.39
153.66
0.05
0.11
0.22
0.13
26.41
0.16
4.83
2.69
2.45
731.07
107.25
0.10
0.10
0.01
0.04
33.02
0.14
0.10
0.04
0.05
0.02
12.76
0.02
0.61
0.00
0.14
0.07
0.11
0.03
0.13
0.06
0.01
0.00
0.02
0.02
0.03
0.02
0.16
0.09
6.70
0.07
0.10
0.02
0.17
0.09
0.01
0.13
0.17
0.09
0.30
0.10
0.13
0.10
0.07
0.24
0.24
0.32
148.60
0.10
0.08
0.18
2.96
4.52
574.09
13.65
0.23
0.11
3.32
4.01
570.27
0.18
0.28
0.10
0.19
0.14
638.63
0.66
0.14
0.24
2.20
2.59
666.00
51.43
0.30
0.13
1.48
1.78
515.71
8.22
0.17
0.12
0.88
4.50
618.48
0.11
0.06
0.05
0.46
0.92
69.09
0.08
0.06
0.03
0.13
0.03
0.07
0.18
0.08
0.02
0.05
0.04
0.08
0.15
0.03
0.04
0.01
0.00
0.11
0.07
0.02
0.01
0.00
0.00
0.11
0.02
0.15
0.02
0.01
0.01
0.04
0.02
0.02
0.01
0.00
0.13
0.08
0.03
0.04
0.14
0.13
0.02
0.30
0.00
0.01
0.03
0.06
0.18
0.10
0.11
19.25
7.65
4.15
313.82
0.44
0.12
0.03
0.02
0.01
0.04
0.02
0.04
0.07
0.01
0.02
2.93
0.15
0.34
0.10
0.23
0.06
12.67
0.13
0.17
0.03
0.01
0.00
0.03
0.10
0.03
0.01
0.01
0.00
0.01
0.03
0.01
0.03
0.17
0.16
281.17
0.12
0.09
0.13
0.03
0.04
63.61
0.09
0.04
0.08
0.01
0.01
0.10
0.03
0.05
0.06
0.15
0.02
0.14
0.04
0.04
0.02
0.02
0.01
0.13
0.05
0.03
0.03
0.01
0.02
0.06
0.10
0.10
0.01
0.01
0.01
0.05
0.11
0.04
0.02
0.02
0.16
0.19
0.04
0.01
0.01
0.38
0.10
155.20
0.04
0.05
0.03
0.02
0.01
0.25
0.11
0.02
0.03
0.01
0.01
0.03
0.04
0.03
0.01
0.03
0.00
0.07
0.18
0.01
0.00
0.08
0.11
0.19
0.03
0.13
0.01
0.01
0.00
0.02
0.01
0.07
0.02
0.02
0.01
0.17
0.09
0.03
0.01
0.08
0.00
0.03
0.34
0.22
0.22
0.21
0.02
32.90
0.18
0.25
0.08
0.19
0.25
0.39
0.14
26.01
14.57
18.75
516.22
0.21
0.20
0.17
0.96
2.34
485.43
0.24
0.13
0.13
0.35
12.26
648.15
0.06
0.04
0.17
0.70
1.34
766.74
23.55
0.14
0.12
3.20
136.27
466.10
0.46
0.17
0.11
0.63
10.66
549.78
0.25
0.34
0.18
0.36
61.83
734.28
28.65
0.21
0.07
0.87
3.84
770.69
155.27
0.36
0.36
1.60
16.82
1153.73
103.92
0.43
0.36
0.76
6.21
1195.78
57.59
0.20
0.22
17.04
0.53
3.91
4.02
3.96
4.17
5.35
2.16
3.51
3.39
3.67
2.27
1.56
1.46
1.93
1.73
1.66
2.52
2.66
8.87
5.63
0.63
0.41
1.69
3.46
2.08
16.34
0.32
0.16
0.21
3.18
3.39
17.35
0.37
0.10
0.34
1.76
1.59
11.06
0.27
0.28
0.19
1.52
2.08
12.26
0.44
0.28
0.25
0.38
0.32
12.27
0.42
0.13
0.23
0.69
0.71
13.13
0.23
0.25
0.37
1.48
1.21
56.74
0.16
0.28
0.16
1.21
0.76
56.71
0.19
0.15
0.17
0.57
0.11
60.33
0.28
0.12
0.30
0.45
0.23
0.53
0.12
4.28
1.62
1.54
64.70
0.23
0.22
0.14
0.41
0.11
53.06
0.14
0.25
0.18
1.48
2.18
69.98
0.06
0.02
0.29
1.33
4.20
49.77
0.24
0.18
0.06
0.30
0.43
38.45
0.17
0.15
0.16
0.37
0.36
302.33
0.11
0.14
0.14
0.33
0.25
393.70
0.15
0.23
0.30
1.02
2.06
448.23
0.23
0.11
0.15
0.87
1.18
370.31
0.40
0.19
0.14
0.59
0.51
511.44
51.23
0.14
0.11
1.53
1.54
557.68
0.13
0.06
0.16
0.83
1.13
807.20
31.31
0.18
0.15
2.11
4.21
884.33
15.89
0.21
0.26
1.15
1.13
866.79
116.73
0.21
0.28
0.73
0.69
5.40
0.26
0.14
0.31
4.64
2.80
4.62
16.39
0.16
0.09
0.65
1.07
17.85
0.44
0.27
0.33
0.36
0.30
17.37
0.69
0.29
0.19
0.18
0.11
17.31
0.36
0.14
0.12
0.17
0.17
18.08
0.26
0.35
0.11
0.09
0.16
19.22
0.43
0.10
0.04
0.40
0.12
18.73
0.23
0.16
0.09
0.16
0.06
18.74
0.15
0.16
0.25
0.54
0.12
0.43
0.19
2.04
1.72
2.17
14.43
0.41
0.08
0.08
0.26
0.17
11.97
0.16
0.18
0.09
0.53
0.21
14.39
0.10
0.06
0.10
0.40
0.43
12.98
0.23
0.17
0.22
1.39
2.18
59.07
0.26
0.06
0.12
0.66
1.01
15.35
0.23
0.18
0.12
1.09
0.20
32.87
0.29
0.28
0.23
0.83
0.34
24.78
0.32
0.13
0.11
1.86
1.75
51.71
0.62
7.68
0.65
91.53
8.00
25.69
0.80
1.26
1.07
1.41
0.94
22.73
0.54
0.16
0.12
0.64
0.57
15.25
0.40
0.92
2.98
2.55
2.81
25.41
0.52
0.15
0.22
0.88
3.27
24.51
0.34
0.14
0.29
0.89
0.48
21.09
0.33
0.32
0.22
0.74
0.70
245.91
0.41
0.38
0.22
1.16
0.88
361.92
0.28
0.16
0.23
0.43
0.30
331.36
0.69
0.19
0.22
0.19
0.28
306.78
0.10
0.23
0.15
0.42
0.15
317.00
0.20
0.08
0.12
0.45
0.18
311.65
0.20
0.30
0.14
0.14
0.19
308.17
0.26
0.18
0.09
0.33
0.12
317.11
0.19
0.32
0.14
0.40
0.17
0.39
0.10
6.50
2.28
1.91
337.26
0.28
0.25
0.15
0.36
0.24
334.02
0.27
0.17
0.19
0.23
0.14
355.59
0.31
0.27
0.05
0.97
0.60
348.47
0.35
0.15
0.06
0.48
0.25
380.85
0.33
0.29
0.10
0.25
0.15
373.78
0.26
0.41
0.07
0.51
0.56
363.15
0.27
0.31
0.24
0.87
0.39
356.18
0.27
0.12
0.34
0.44
0.33
349.51
0.27
0.26
0.38
0.68
1.83
367.90
0.49
0.55
0.87
1.02
1.22
502.28
0.61
0.14
0.54
0.54
0.55
471.83
0.41
0.46
1.25
0.37
0.31
449.40
0.29
0.26
2.63
0.52
0.88
358.37
0.41
0.28
1.65
0.33
0.26
367.62
1.00
0.16
12.97
1.17
0.89
18.72
0.46
0.13
0.44
1.16
1.07
37.76
0.32
0.17
0.21
0.55
0.50
178.62
0.51
0.20
0.17
0.47
0.37
11.90
0.28
0.24
0.36
0.54
0.42
11.89
0.13
0.09
0.36
0.82
0.48
12.74
0.29
1.63
1.02
1.32
1.05
101.77
0.18
0.12
0.28
0.63
0.10
109.66
0.42
0.09
68.18
0.71
0.54
0.33
0.18
22.41
2.36
1.95
13.54
0.26
0.34
0.09
0.47
0.28
15.46
0.12
0.18
0.06
0.35
0.45
15.79
0.15
0.09
0.03
0.86
0.33
19.54
0.19
0.11
0.06
3.31
2.31
22.85
0.17
0.20
0.05
0.41
0.29
23.25
0.23
0.45
0.07
0.56
0.28
24.74
0.23
0.27
0.10
0.54
0.45
11.19
0.30
0.28
0.10
3.98
3.85
31.78
0.34
0.20
0.12
2.80
2.98
28.19
0.25
0.12
0.31
1.42
3.67
12.91
0.23
0.14
0.15
1.53
2.62
12.30
0.40
0.16
0.14
1.63
1.74
33.73
0.35
0.53
1.62
1.05
1.30
21.90
0.64
1.32
1.26
1.42
1.27
12.04
0.40
0.34
0.91
1.26
0.86
14.04
0.40
0.20
0.28
0.77
0.68
20.69
0.31
0.12
0.14
0.59
0.69
140.32
0.42
0.20
0.19
0.20
0.19
13.47
0.50
0.32
1.08
0.85
0.59
14.90
0.25
0.37
0.19
3.21
3.23
17.76
0.55
0.09
0.19
0.86
1.08
13.88
0.30
0.17
0.11
0.49
0.42
14.36
0.32
0.09
0.20
0.53
0.44
0.46
0.16
3.51
2.52
2.39
16.00
0.41
0.15
0.08
0.47
0.40
11.69
0.36
0.16
0.13
0.27
0.15
11.64
0.29
0.11
0.09
0.45
0.54
11.32
0.32
0.12
0.05
0.39
0.24
16.99
0.66
0.11
0.32
0.41
0.14
16.46
0.39
0.19
0.07
0.30
0.15
11.25
0.34
0.64
0.14
0.63
0.25
12.82
0.37
0.13
0.22
0.72
0.52
13.31
0.38
0.16
0.19
0.62
1.36
15.70
0.81
0.07
0.12
0.41
0.11
13.78
0.43
0.16
0.11
1.31
1.22
13.92
0.29
0.30
0.25
1.19
1.29
21.61
0.43
0.24
0.38
0.45
0.61
77.12
0.31
0.38
0.25
0.36
0.21
73.29
0.29
0.08
0.08
1.02
0.79
73.30
0.27
0.14
0.02
0.77
0.75
79.97
0.10
0.02
0.02
0.67
0.22
71.60
0.15
0.02
0.02
1.08
1.93
50.50
0.02
0.24
0.03
2.45
3.02
29.31
0.35
0.12
0.03
1.50
1.38
25.35
0.25
0.05
0.14
1.06
0.98
13.41
0.14
0.06
0.03
0.81
0.50
20.00
0.42
0.06
0.05
2.49
2.71
0.40
0.12
8.49
4.37
5.87
21.07
0.34
0.14
0.06
2.14
2.10
22.11
0.06
0.06
0.07
1.25
0.67
25.86
0.02
0.35
0.00
3.35
3.39
32.36
0.23
0.20
0.08
0.49
0.35
37.13
0.40
0.18
0.07
0.84
0.99
48.68
0.10
0.03
0.16
0.95
0.56
179.79
0.17
0.04
0.15
0.76
0.94
147.64
0.62
0.16
0.10
0.17
0.11
158.33
0.25
0.22
0.59
0.61
0.96
393.77
0.31
0.26
0.18
0.53
1.04
184.13
0.37
0.12
0.24
2.13
2.72
192.14
0.24
0.13
0.05
2.07
1.49
242.29
0.46
0.15
0.18
2.90
2.13
248.91
0.39
0.18
2.48
1.64
1.66
242.73
0.47
0.21
3.33
2.02
1.18
244.96
0.21
0.09
0.09
1.67
1.03
315.69
0.27
0.09
0.10
0.31
0.38
309.95
0.40
0.19
0.09
0.36
0.23
349.56
0.13
0.18
0.17
0.53
0.59
354.11
0.06
0.24
0.12
0.53
0.43
371.35
0.09
0.11
0.12
1.96
1.95
399.97
0.43
0.12
0.10
0.56
0.59
393.67
0.73
0.18
0.44
0.62
0.65
0.73
0.38
11.46
5.56
5.65
310.71
0.32
0.38
3.93
0.92
0.78
309.55
0.37
0.48
1.60
0.42
0.68
313.21
0.24
0.05
0.07
0.60
0.84
309.73
0.33
0.52
0.30
0.71
0.65
309.69
0.69
0.34
0.50
0.53
0.49
309.07
0.79
1.10
2.98
0.63
0.22
313.66
0.75
0.87
0.79
0.42
0.51
647.98
0.62
0.32
0.67
1.05
1.00
680.70
1.10
0.39
0.45
1.30
1.10
666.24
23.14
0.37
0.41
0.86
0.75
671.70
0.94
0.58
1.61
1.07
0.85
724.74
0.64
0.48
0.42
1.39
3.45
714.32
3.61
0.44
0.35
0.77
0.96
488.26
238.92
0.59
0.77
2.03
1.82
725.17
0.51
0.44
0.41
1.10
1.22
646.04
75.26
0.33
0.45
1.04
1.13
710.82
23.59
0.63
0.31
0.77
1.20
694.02
43.63
0.90
0.74
0.54
0.36
814.81
37.33
0.40
0.35
0.66
0.87
751.07
39.45
0.46
0.19
1.02
0.87
735.14
0.65
0.29
0.36
0.94
1.20
737.83
110.13
1.09
1.06
0.71
0.57
857.54
0.47
0.33
0.24
0.96
1.26
122.31
0.40
119.68
6.05
6.19
734.03
22.47
0.40
0.88
0.55
0.43
716.82
19.60
0.37
0.63
0.75
0.97
701.28
212.63
0.92
0.27
1.30
1.61
880.77
75.63
2.74
0.57
1.32
1.84
746.06
91.10
0.59
0.72
1.35
1.74
716.40
31.99
0.47
0.37
0.77
0.19
731.83
3.12
0.93
0.45
0.99
2.28
727.27
9.78
1.96
1.35
4.59
8.00
640.77
200.47
2.25
1.55
3.33
4.99
704.98
162.44
12.38
12.23
3.96
2.77
737.33
1.35
4.89
19.42
19.79
36.93
365.67
5.80
31.70
7.13
8.04
5.46
351.17
1.18
2.57
2.80
2.44
3.90
822.06
68.99
0.37
0.51
1.70
0.88
895.47
0.50
0.44
0.39
0.93
0.92
861.00
13.53
0.62
0.22
0.93
1.06
909.06
199.58
0.31
0.27
0.61
0.37
795.19
85.06
0.32
0.23
0.23
0.20
937.63
3.84
0.15
0.29
0.84
1.34
664.05
191.26
0.58
0.32
1.13
1.65
685.69
47.68
0.75
0.58
0.41
0.87
692.87
16.35
0.28
0.52
0.44
0.05
604.13
72.89
0.17
0.29
0.55
0.38
139.65
0.58
57.44
160.04
2.54
701.84
0.42
0.14
0.18
0.20
0.49
393.63
309.74
0.18
0.21
0.34
0.18
697.04
0.31
0.02
0.14
0.49
0.52
701.92
0.22
0.18
0.13
0.23
0.29
714.45
0.52
0.18
0.37
0.18
0.47
721.03
0.42
0.17
0.15
0.25
0.10
712.15
0.77
0.87
7.05
0.40
0.43
656.57
82.38
0.36
2.03
0.94
1.18
700.76
34.21
0.27
0.41
0.93
2.65
733.80
0.60
0.33
0.24
0.33
0.29
734.81
36.29
3.43
8.88
4.01
2.29
351.03
5.28
12.14
19.13
9.85
14.60
350.94
1.12
0.83
1.97
1.16
1.91
685.67
55.94
0.41
0.43
1.01
1.06
641.93
92.15
0.23
0.52
1.12
0.79
738.34
0.53
0.24
0.14
2.49
1.73
738.59
0.43
0.25
0.38
0.87
1.50
731.83
0.74
0.23
0.19
0.17
0.14
737.89
0.81
0.31
0.19
1.15
1.32
736.36
0.50
0.41
0.18
0.94
1.31
733.27
0.66
0.20
0.18
0.61
0.88
736.07
0.34
0.14
0.19
0.77
0.25
901.99
0.34
0.12
0.10
0.77
0.38
0.86
0.19
5.20
73.62
3.18
711.66
0.33
0.13
0.08
0.92
0.52
712.74
0.59
0.23
0.28
0.54
0.18
665.98
0.21
0.22
0.04
0.74
0.39
663.81
0.55
0.28
0.14
1.44
0.34
665.30
1.04
0.12
0.11
0.82
0.53
704.68
0.51
0.21
0.32
0.22
0.07
720.68
0.66
0.36
0.37
0.47
0.93
721.24
0.88
0.29
0.31
0.80
0.85
581.10
153.39
0.44
0.40
2.19
4.36
356.54
396.84
5.56
4.97
12.03
6.70
346.18
393.67
3.51
3.95
18.66
5.67
751.65
0.64
0.85
0.80
2.43
3.44
495.53
252.84
1.14
0.57
2.33
2.83
350.30
0.92
1.16
1.85
11.47
2.33
346.04
0.47
0.24
0.22
1.27
1.17
754.64
0.74
0.45
0.38
1.66
1.28
387.78
0.48
0.24
0.24
0.77
1.40
347.28
0.67
0.18
0.26
1.21
376.87
345.52
1.05
0.43
0.62
6.53
1.68
351.85
0.86
0.47
0.67
2.04
0.91
342.65
0.78
0.22
0.15
1.49
1.09
350.61
0.81
0.43
0.39
2.37
0.18
337.08
0.38
0.62
0.26
1.35
1.21
1.02
0.58
9.42
128.59
8.59
736.58
0.77
0.88
0.32
1.01
0.92
737.27
0.92
0.19
0.16
0.83
1.38
738.31
0.39
0.13
0.24
2.08
1.12
727.82
0.64
0.66
0.26
2.23
2.73
739.61
1.35
0.38
0.39
1.10
1.47
680.35
0.52
0.32
0.45
0.86
0.42
685.35
0.45
0.37
0.28
1.05
1.27
685.19
0.93
0.76
0.44
1.77
1.32
742.11
0.64
0.44
0.22
1.37
1.90
740.34
0.94
0.84
0.74
2.80
3.48
738.69
1.03
0.71
0.61
1.37
2.42
810.31
1.00
0.56
0.28
1.78
3.50
896.92
1.45
0.33
0.71
3.61
3.38
926.42
1.45
1.23
0.66
1.85
1.41
579.76
0.62
0.36
0.35
0.79
0.81
489.69
0.68
0.38
0.42
1.28
1.32
549.18
0.43
0.36
0.60
3.27
1.44
115.35
1.15
0.43
0.61
3.47
0.36
12.18
0.79
0.31
0.15
1.40
1.44
89.94
1.04
0.43
0.27
2.47
3.12
114.91
0.83
0.82
1.11
16.71
4.03
13.81
0.78
0.36
0.28
1.04
0.43
22.84
1.07
0.61
0.41
1.51
1.09
0.90
0.36
6.82
11.21
4.41
28.04
1.82
0.56
0.59
2.02
1.00
11.60
0.60
0.19
0.45
0.94
0.80
90.12
0.23
0.06
0.26
1.45
0.47
46.44
0.48
0.39
0.33
0.73
0.48
21.92
0.71
0.12
0.23
2.27
1.55
23.87
0.69
0.51
0.33
0.54
0.23
87.24
0.30
0.43
0.30
1.31
1.52
136.16
0.72
0.25
0.29
1.21
1.18
179.80
0.88
0.37
0.46
1.71
1.87
220.52
0.82
0.35
0.33
0.68
1.75
125.45
0.36
0.20
0.12
1.66
1.35
142.46
0.58
0.56
0.36
2.14
2.27
163.95
0.69
0.29
0.21
1.06
2.12
23.26
0.42
0.28
0.36
2.86
1.63
129.34
2.06
0.61
0.50
3.04
1.29
112.75
0.83
0.42
0.31
0.76
0.40
113.37
0.32
0.17
0.23
0.41
0.34
217.31
0.57
0.19
0.23
0.16
0.04
102.16
0.66
0.41
0.16
1.81
0.95
143.66
0.37
0.22
0.27
0.27
0.25
166.98
0.29
0.12
0.14
0.20
0.18
105.90
0.30
0.08
0.14
0.29
0.24
155.22
0.27
0.15
0.14
0.36
0.22
0.41
0.19
3.46
5.75
3.77
18.22
0.39
0.13
0.08
2.42
2.19
18.57
0.44
0.14
0.11
0.22
0.04
13.46
0.23
0.55
0.03
0.22
0.25
12.50
0.24
0.22
0.06
0.53
0.42
19.16
0.29
0.19
0.07
0.19
0.13
14.87
0.38
0.16
0.38
3.50
0.05
13.16
0.37
0.08
0.34
0.35
0.62
151.20
1.14
0.20
0.35
0.77
1.18
165.56
0.61
0.34
0.26
0.70
0.96
238.32
0.83
0.50
0.36
0.87
1.17
170.47
0.47
0.24
0.28
0.82
1.20
169.18
0.66
0.30
0.11
1.25
1.31
147.55
0.53
0.34
0.17
1.05
1.74
151.16
0.60
0.40
0.28
0.72
1.76
22.67
0.26
0.39
0.48
1.10
0.51
151.25
0.33
0.25
0.21
0.44
0.47
137.81
0.44
0.31
0.20
1.09
0.30
22.35
0.48
0.12
0.11
0.08
0.04
90.15
0.29
0.18
0.10
0.45
0.29
171.10
0.20
0.56
0.31
0.57
0.19
495.99
0.63
0.04
0.10
0.17
0.09
419.19
0.62
0.13
0.16
1.39
0.77
508.22
1.24
0.26
0.32
1.38
0.60
0.72
0.29
7.46
59.24
5.64
631.03
0.58
0.30
0.19
0.56
0.71
581.27
0.66
0.18
1.10
0.80
0.95
567.49
0.29
0.19
0.47
0.71
1.05
481.81
0.93
0.62
1.83
0.90
1.35
625.95
0.45
0.49
0.25
1.21
1.41
578.26
0.51
0.37
0.18
0.50
0.16
481.87
0.50
1.02
3.00
2.83
2.64
402.11
63.86
0.69
1.08
2.41
4.08
412.16
0.81
0.64
1.67
2.03
3.25
412.19
0.59
0.56
0.94
1.62
2.06
410.75
0.65
0.34
0.28
1.91
5.30
415.85
1.35
1.71
1.18
3.64
7.95
415.84
0.65
0.50
1.33
3.05
3.36
410.12
1.29
1.40
0.48
3.81
3.44
409.72
0.54
0.43
0.34
11.04
11.80
413.95
1.33
1.32
1.36
7.34
4.92
411.26
0.89
1.50
1.12
8.05
9.43
27.96
1.30
1.64
0.78
4.51
6.04
21.81
1.88
1.75
1.21
5.64
6.82
24.20
0.88
1.93
1.24
5.62
6.46
25.77
1.21
1.73
1.37
5.14
5.38
25.83
0.55
1.59
0.89
4.59
1.49
19.36
0.70
1.13
0.41
3.42
4.78
0.64
1.47
10.89
112.17
6.35
20.48
0.74
0.71
0.59
3.22
4.39
23.43
1.20
0.95
1.04
2.62
2.09
18.09
0.17
0.36
0.44
1.40
1.65
116.32
0.44
0.42
0.26
3.74
5.27
22.41
1.20
0.67
0.38
2.43
5.87
23.00
1.75
1.36
0.64
6.75
5.92
16.42
0.47
0.72
0.91
2.96
4.27
19.34
1.19
1.22
2.04
6.34
14.04
26.99
0.92
1.98
0.97
9.32
13.17
28.94
2.06
1.90
1.30
6.98
5.88
25.28
1.87
1.69
1.28
6.71
7.56
34.28
1.09
2.36
1.61
6.32
5.22
412.17
1.66
1.41
2.97
8.11
8.06
246.88
171.94
3.20
0.87
10.63
6.98
423.70
2.29
2.92
1.13
11.94
10.07
414.46
2.40
1.89
2.57
12.67
10.08
412.84
4.30
2.01
5.64
34.08
54.82
29.41
10.60
6.66
2.53
4.13
2.15
22.38
5.56
6.32
5.09
14.45
11.85
24.95
4.55
5.72
2.29
9.06
9.74
25.56
1.96
1.75
1.99
6.34
6.82
27.05
2.64
5.38
9.62
31.25
166.12
38.40
3.97
7.21
4.03
10.22
25.92
5.14
5.60
20.20
17.94
9.70
25.37
1.39
1.46
0.61
4.71
22.81
26.99
1.22
0.70
0.24
1.94
2.83
17.39
1.26
0.79
0.05
1.57
2.10
12.31
1.56
1.01
0.44
8.38
46.20
25.87
2.25
0.57
0.23
5.90
7.40
17.74
3.50
0.84
0.52
2.48
0.92
12.09
0.60
0.91
0.29
3.94
9.40
27.11
1.06
0.95
1.48
5.27
7.01
25.02
3.18
1.22
0.98
8.82
11.34
25.24
3.71
1.29
1.30
6.30
6.71
24.05
3.07
1.32
0.88
4.75
9.79
26.73
3.67
1.82
0.80
13.01
15.73
31.34
3.26
1.44
0.96
10.49
12.89
29.86
5.44
2.00
1.22
7.99
4.94
48.60
28.16
1.52
0.79
3.74
2.95
9.73
9.36
0.59
1.29
4.49
9.68
27.12
4.32
1.12
0.71
3.52
3.57
403.80
4.27
1.41
0.63
1.44
1.15
422.94
4.38
1.02
0.29
3.07
4.17
405.69
14.49
0.73
0.49
2.44
5.67
427.24
0.59
0.16
0.21
2.55
3.86
403.06
0.60
0.47
0.19
1.16
0.12
395.07
3.51
0.55
0.14
2.05
2.77
119.66
0.46
7.08
5.59
4.42
400.92
0.71
0.45
0.71
1.32
3.63
400.15
0.56
0.16
0.08
1.01
1.10
278.45
119.26
0.20
0.35
1.60
1.82
400.21
0.81
0.73
0.39
0.90
1.97
400.09
0.72
0.51
0.15
1.38
1.08
396.94
0.90
0.70
0.14
0.70
9.80
406.92
0.94
0.52
0.30
2.42
1.20
472.17
0.71
0.44
0.37
3.40
3.72
426.93
1.58
0.89
0.59
4.82
6.62
415.87
2.63
0.81
0.32
3.79
4.49
401.61
0.99
0.60
0.51
4.30
7.32
411.71
3.58
2.37
1.78
8.23
6.83
405.05
4.93
1.15
0.73
4.05
7.03
407.22
1.84
1.18
0.76
4.56
2.91
430.74
3.37
0.76
0.39
1.92
2.69
406.26
3.64
0.56
0.59
2.69
6.55
415.90
3.27
1.17
0.88
4.05
5.30
406.89
3.35
0.62
0.64
1.56
1.78
401.54
3.58
1.28
0.79
4.36
7.29
417.73
7.16
1.61
0.65
3.29
4.33
402.44
14.96
0.59
0.62
3.30
4.81
403.57
3.45
0.45
0.54
2.82
0.37
458.25
102.34
0.35
0.14
2.34
2.81
69.17
0.25
7.97
6.93
4.14
400.11
1.87
0.14
0.13
1.59
2.27
399.18
3.04
0.48
0.63
1.24
1.42
569.40
1.49
0.24
0.03
1.26
0.95
509.78
0.42
0.42
0.20
1.32
0.76
379.26
0.54
0.12
0.34
3.47
3.75
390.70
1.27
0.71
0.25
0.94
0.31
482.04
0.42
0.07
0.39
3.24
5.83
400.34
4.26
1.19
0.47
2.83
5.03
400.79
3.80
1.04
0.70
4.93
6.82
404.17
3.83
1.39
1.74
3.24
3.98
341.19
99.23
1.09
0.57
4.72
5.11
415.78
5.27
1.60
0.89
5.99
7.80
410.65
6.25
1.46
1.15
3.65
5.30
408.81
4.37
1.87
1.33
7.19
32.20
422.93
7.51
2.06
1.96
12.37
11.59
412.15
7.32
2.62
1.91
11.69
14.57
413.18
5.50
2.22
6.42
8.65
14.88
411.38
6.55
1.28
1.35
6.07
8.66
402.83
2.93
2.36
2.37
20.76
6.55
437.83
3.88
2.71
3.44
23.34
12.12
413.93
2.47
4.29
1.15
8.13
10.66
410.33
6.75
2.06
1.11
5.43
2.47
399.86
4.70
1.23
1.35
5.12
5.84
4.52
1.35
19.86
31.85
10.58
440.29
2.82
0.73
1.25
22.29
6.91
405.94
0.55
0.64
0.61
4.68
6.46
386.32
22.31
0.20
0.04
3.48
7.31
451.79
5.15
1.68
0.48
8.74
7.24
406.51
4.92
1.20
0.47
4.81
2.13
419.74
4.76
1.57
0.89
4.87
2.41
396.82
3.78
1.84
1.08
3.38
3.93
417.14
4.40
0.55
0.19
2.83
3.42
399.51
4.00
0.66
0.77
2.55
2.72
416.35
2.99
0.97
0.70
4.20
5.28
411.06
5.56
1.02
0.61
4.05
4.24
399.66
4.70
0.75
0.34
2.64
4.42
403.26
4.80
0.49
0.26
4.01
5.86
407.54
4.16
0.84
0.35
3.44
3.44
402.14
4.18
0.55
0.73
4.46
4.58
404.43
3.74
0.88
0.46
4.24
5.04
404.10
5.07
0.96
0.29
3.89
4.19
403.51
4.59
1.02
0.44
2.20
0.98
397.83
4.78
1.48
0.37
3.50
3.84
402.53
5.74
1.57
0.30
4.76
6.09
404.43
5.87
0.91
0.23
2.91
3.27
403.13
4.47
0.91
0.23
4.73
2.12
398.52
4.15
1.52
0.27
3.06
2.48
4.48
1.32
8.02
6.21
5.25
432.72
4.71
1.33
0.31
2.60
4.25
401.49
2.99
0.60
0.24
2.44
3.38
399.44
4.77
0.59
0.29
1.59
3.73
398.94
5.53
2.19
0.28
2.73
3.46
397.56
5.65
1.01
0.42
3.32
3.93
403.33
4.88
1.06
0.20
2.71
1.05
395.53
3.88
1.76
0.45
5.75
6.71
402.06
4.82
1.09
0.47
6.39
10.05
409.94
4.90
1.62
0.34
3.63
4.69
404.52
5.04
1.23
0.37
4.00
5.18
404.80
4.57
1.13
0.03
0.60
5.67
406.04
4.91
2.05
0.47
4.23
4.89
403.76
4.69
1.15
0.75
4.82
4.62
404.29
5.79
1.30
0.61
5.75
5.24
415.08
4.33
1.25
0.68
8.05
38.63
438.42
6.29
1.61
0.81
8.94
43.66
61.13
6.92
1.33
0.35
11.49
11.57
25.21
8.04
1.81
0.90
2.84
42.21
20.63
6.23
1.32
0.92
9.83
10.28
24.15
7.53
3.08
0.86
5.69
25.96
24.35
6.08
1.42
0.54
10.82
17.17
24.73
6.20
1.89
0.96
7.66
3.76
13.76
7.49
7.87
7.23
19.11
82.04
31.08
7.74
17.89
29.04
14.86
26.77
29.97
7.09
5.24
9.62
15.15
23.22
29.86
5.64
4.23
14.59
32.45
23.46
25.89
0.91
0.20
29.63
31.33
42.69
35.26
8.67
3.70
41.64
26.78
31.47
32.95
7.94
4.72
16.05
29.52
30.54
31.88
6.60
4.58
20.74
10.48
7.60
31.83
10.88
6.03
26.04
33.36
36.01
35.23
9.50
7.97
42.12
38.07
45.28
42.01
6.79
8.40
46.24
37.11
47.64
38.90
9.96
9.40
39.77
28.17
35.46
35.81
4.09
3.64
48.79
46.04
58.30
48.08
15.35
11.67
55.26
35.35
50.60
95.71
21.64
31.86
90.57
73.47
102.12
51.44
12.84
16.10
80.13
37.54
39.42
33.97
19.01
40.58
68.29
85.38
69.81
50.26
14.44
12.75
67.46
72.24
71.79
40.00
11.28
14.42
74.10
40.99
54.20
38.29
10.32
6.33
27.94
20.16
29.63
36.03
6.69
7.08
35.10
32.99
38.72
36.30
7.23
5.84
44.94
30.27
36.70
37.12
7.45
6.28
48.34
22.55
33.35
35.18
6.90
5.32
24.12
8.47
12.51
27.71
10.02
4.29
25.63
32.52
31.35
5.58
25.29
32.41
22.29
24.49
31.46
7.33
3.25
20.22
20.31
26.35
32.00
6.79
6.67
28.73
21.65
18.71
26.80
1.35
1.32
6.05
14.81
24.05
30.31
6.71
3.85
12.35
18.63
23.00
30.64
5.78
3.57
19.90
25.01
27.28
32.18
5.82
5.34
18.85
11.88
10.64
29.76
12.38
7.62
41.00
34.41
34.04
36.60
11.29
14.01
49.04
40.35
39.28
40.57
11.36
9.88
42.54
32.75
33.77
40.46
17.27
16.05
31.16
200.42
26.29
37.12
8.00
9.07
31.63
37.24
41.94
48.81
18.41
12.45
44.55
37.01
49.02
45.00
11.38
10.99
13.25
3.79
8.35
0.06
0.01
0.01
0.11
0.03
0.06
0.00
