99.20
99.20
99.51
99.22
99.20
99.03
98.92
98.67
98.75
99.19
99.15
98.53
98.61
98.65
98.67
98.77
98.86
98.47
98.60
98.69
98.76
99.13
98.93
98.37
98.38
98.50
98.58
99.18
99.16
97.63
97.66
97.72
97.77
98.44
98.57
97.55
97.62
97.75
97.79
98.53
98.60
97.33
97.36
97.51
97.91
98.68
98.78
97.82
97.84
99.16
99.18
99.16
99.15
96.03
96.12
96.18
96.23
97.19
97.30
95.98
96.05
96.17
96.22
96.96
97.06
97.00
97.06
97.20
97.28
97.51
97.56
96.78
96.86
96.98
96.99
97.17
97.28
96.75
96.89
97.00
97.01
97.54
97.61
96.05
96.12
96.18
96.23
97.12
97.24
95.89
96.23
97.51
98.86
99.14
98.98
95.60
96.62
97.92
98.93
99.13
99.13
97.31
98.64
99.27
99.21
99.20
99.20
96.59
98.33
98.48
98.63
99.18
98.91
97.18
98.58
98.60
98.23
98.17
97.61
98.16
98.98
98.62
98.13
99.19
98.63
99.03
99.23
99.13
99.03
99.19
99.22
98.28
98.67
98.51
99.14
99.24
99.19
98.49
98.30
98.94
99.22
99.16
99.20
98.35
98.49
99.51
99.19
99.20
99.30
99.38
99.24
99.16
99.14
98.67
98.40
99.01
98.54
98.67
99.18
98.34
98.25
98.61
98.98
99.27
99.17
99.21
98.62
99.23
99.49
99.19
99.25
99.17
98.79
99.11
98.91
99.19
99.13
99.24
97.85
99.19
99.13
99.26
99.21
99.07
97.53
97.91
98.98
99.08
98.15
99.19
99.33
99.25
99.13
99.19
99.15
99.14
97.55
99.24
99.16
97.41
97.56
98.15
98.94
99.03
95.11
97.40
98.67
98.71
99.30
99.22
99.02
99.05
99.19
99.18
99.34
99.08
98.97
99.14
99.24
99.22
99.38
99.20
98.27
98.83
99.21
99.20
99.47
99.24
99.19
99.21
99.32
99.17
99.36
99.20
98.96
98.81
98.63
98.88
99.21
99.20
99.26
99.03
98.43
99.19
99.39
99.03
99.22
98.54
99.23
99.48
99.50
99.20
99.05
98.68
99.19
99.23
99.46
99.19
98.62
98.73
99.20
98.92
99.15
98.86
98.72
99.28
97.92
97.25
99.42
98.77
97.76
98.64
99.27
99.22
99.42
98.71
99.22
98.94
99.20
99.01
99.52
99.17
99.21
98.69
99.26
99.10
99.18
99.15
99.51
99.17
99.17
96.88
99.20
99.17
99.04
99.17
99.24
99.28
99.16
99.16
98.99
98.20
99.17
99.01
99.16
98.76
99.04
97.88
99.26
96.62
97.74
98.80
99.14
99.21
99.16
99.15
99.20
99.21
99.20
99.12
99.14
97.30
99.38
98.09
99.01
99.23
99.10
98.05
98.42
99.09
99.00
99.17
99.16
98.14
98.95
97.41
98.84
99.17
99.18
98.76
99.07
99.18
98.24
99.18
96.85
99.33
99.19
98.17
99.03
99.21
99.10
99.21
99.20
98.02
99.18
99.22
99.17
99.40
97.71
98.65
99.14
99.21
97.74
99.49
99.17
99.14
99.10
99.13
99.15
99.18
99.06
99.10
98.83
98.90
99.18
99.16
99.21
99.10
99.15
99.14
99.23
99.39
98.17
99.22
98.61
98.72
99.26
99.48
99.22
98.60
99.22
99.06
99.22
99.49
98.41
97.18
99.15
99.16
99.19
99.16
98.17
99.21
99.12
99.19
99.20
99.51
99.10
97.95
98.96
98.85
98.66
99.44
98.98
98.50
98.99
99.01
99.17
99.48
99.37
98.87
98.26
99.21
99.01
99.22
99.22
98.80
99.19
99.18
99.08
99.19
99.42
99.51
99.22
99.16
99.40
99.27
99.22
99.15
97.15
98.77
99.44
99.20
99.16
98.97
99.14
99.20
99.28
98.82
99.02
99.12
99.20
99.22
99.51
98.70
98.97
99.08
99.19
98.91
99.22
99.26
99.14
99.16
99.04
97.51
97.88
99.17
99.16
98.84
99.17
99.09
98.63
99.16
99.24
99.03
99.27
98.61
99.29
99.00
98.99
99.15
99.16
99.13
99.51
99.19
99.20
98.99
99.17
98.55
99.11
99.19
99.17
97.58
98.21
98.31
99.49
99.17
99.17
99.10
99.02
99.18
99.51
99.23
99.17
97.60
98.30
98.58
99.46
99.16
98.37
99.17
98.67
99.15
99.50
98.61
98.18
98.05
99.13
98.42
99.43
98.95
98.71
99.31
99.22
99.18
99.05
98.86
99.17
98.86
99.17
99.10
99.16
99.17
98.34
98.03
98.99
99.19
99.36
98.88
97.77
99.04
99.15
98.79
99.32
98.97
99.09
99.21
99.11
99.22
99.50
98.87
98.69
99.14
99.12
99.17
99.07
99.13
99.11
98.36
99.19
99.17
99.25
99.18
99.25
98.84
98.52
98.71
99.48
99.20
99.09
98.90
99.20
99.20
99.24
99.28
99.48
99.22
99.18
96.50
99.06
99.15
98.78
99.18
99.17
99.46
99.25
97.95
98.91
99.18
99.19
99.25
99.14
99.15
99.21
98.96
99.22
97.76
98.81
99.18
99.21
99.21
99.19
98.24
99.08
99.15
98.69
99.10
97.73
98.54
99.06
98.90
98.32
99.16
99.20
97.64
97.96
99.00
98.18
99.23
99.17
97.69
98.79
98.63
97.68
98.06
99.21
99.03
99.15
98.36
98.39
99.20
98.22
99.17
98.91
98.80
99.15
98.97
98.56
99.34
99.17
99.16
97.84
99.11
99.08
99.48
99.25
97.82
98.59
98.11
99.21
99.39
99.04
98.78
98.33
98.88
99.21
99.41
99.16
98.78
99.20
99.21
98.83
99.31
99.21
99.22
99.11
99.23
98.16
94.90
98.90
99.15
99.07
99.22
98.72
99.10
99.20
98.80
98.25
99.14
98.96
99.43
99.16
98.29
98.74
99.10
99.23
99.29
98.94
98.24
98.92
99.20
99.23
99.37
99.13
99.02
98.96
99.15
99.19
99.10
98.06
99.24
99.26
99.25
99.18
99.30
99.20
99.02
98.25
99.13
98.77
99.19
99.11
99.03
99.05
99.21
99.15
97.89
98.23
99.51
99.20
99.12
94.56
95.66
95.84
95.98
99.11
99.14
94.80
95.62
95.77
95.84
98.75
98.90
97.95
98.00
99.14
99.16
99.16
99.17
98.35
98.43
98.51
98.56
98.97
99.07
98.29
98.29
99.16
99.09
99.12
99.11
98.72
98.78
99.06
99.19
99.17
99.19
98.61
98.64
98.89
99.24
98.54
99.20
97.81
98.66
99.07
99.17
99.19
99.21
98.71
99.15
99.11
99.14
99.18
99.17
98.89
99.20
98.92
99.19
99.20
99.26
98.56
99.18
98.54
99.17
99.23
99.00
98.06
97.01
98.47
97.78
99.20
99.15
98.40
99.17
97.34
98.43
99.18
99.15
99.30
98.55
99.21
99.20
99.06
99.09
99.45
98.77
99.07
99.05
99.15
98.92
98.33
98.37
98.72
98.81
99.05
99.16
98.20
98.30
98.49
98.59
99.04
98.65
97.54
97.61
97.89
97.98
98.65
98.66
97.05
97.49
97.72
97.84
98.77
98.93
97.18
97.22
97.39
97.51
98.38
98.46
97.71
97.77
97.83
97.97
98.66
99.14
97.63
97.69
97.84
97.99
99.14
99.07
98.06
98.08
98.21
98.59
98.99
99.10
99.20
99.07
99.51
98.73
99.19
95.04
95.26
95.58
95.85
98.55
98.55
97.98
98.07
98.15
98.29
98.78
98.31
96.43
96.55
96.85
97.00
99.21
99.24
97.11
97.19
97.28
97.54
98.99
99.07
97.77
97.83
97.90
98.12
98.64
98.68
99.10
99.21
98.66
98.89
99.18
99.19
94.89
94.89
94.98
95.17
98.00
98.05
97.36
97.89
97.97
98.12
98.85
98.92
97.06
97.16
97.21
97.48
98.32
98.40
96.56
96.72
96.73
96.96
98.02
98.05
95.77
95.84
95.96
96.19
96.89
96.98
96.19
96.28
96.84
96.93
97.97
97.97
97.35
97.52
97.58
97.79
98.31
98.40
96.47
99.11
99.15
99.19
99.21
99.18
98.30
98.48
98.57
98.62
99.13
99.14
97.10
97.30
97.32
97.73
98.89
98.88
96.84
97.04
97.08
97.19
98.00
98.06
97.11
97.23
97.29
97.51
98.39
98.48
96.97
97.20
97.27
97.38
98.23
98.28
96.80
96.91
97.09
97.22
97.60
98.08
96.63
96.72
96.84
96.85
97.84
97.96
96.51
96.80
96.97
99.00
99.14
99.16
98.06
98.33
98.95
99.15
98.95
98.98
96.30
97.49
99.51
99.17
99.17
97.71
98.61
98.80
98.65
99.22
98.35
99.17
99.17
98.79
99.15
99.08
99.08
99.30
99.11
99.20
99.18
99.18
99.12
99.26
99.05
99.01
99.15
99.24
99.50
99.21
99.23
98.76
99.17
99.11
99.18
97.52
99.27
99.16
98.83
98.97
99.01
99.36
99.20
98.18
98.24
98.07
99.22
99.13
99.10
98.95
98.67
99.13
98.04
99.10
96.36
97.79
99.11
99.02
99.29
99.42
98.81
98.74
98.65
99.50
99.20
99.12
99.22
99.16
99.20
99.20
98.75
99.24
99.13
98.77
99.20
98.50
99.25
98.38
99.09
98.94
98.01
98.51
97.17
97.83
99.20
99.23
98.51
99.28
98.76
99.01
98.99
99.20
99.18
99.19
99.17
98.30
99.18
98.29
97.68
99.15
99.19
98.65
99.00
99.00
98.51
99.20
99.02
99.11
98.23
99.22
99.12
98.94
99.15
96.86
98.59
98.46
98.25
99.14
99.21
99.22
99.19
98.78
98.55
99.19
99.25
99.41
99.17
98.36
98.73
99.20
99.19
99.25
99.10
99.15
98.80
99.12
99.17
99.04
99.23
99.08
97.89
99.22
99.19
99.26
99.22
99.49
99.17
99.19
99.14
99.13
99.18
98.75
99.18
99.18
98.87
99.12
99.09
99.21
99.22
99.09
99.04
98.81
99.05
99.11
99.23
99.21
98.72
98.56
99.16
99.19
99.14
99.18
97.80
99.12
99.03
99.18
99.20
99.01
97.81
99.09
99.05
98.74
99.27
99.12
97.66
98.05
98.95
99.44
98.68
98.97
99.14
99.20
99.20
99.26
99.18
99.19
99.20
99.22
99.04
99.09
99.13
99.20
99.17
99.32
99.20
99.01
99.25
98.52
97.42
98.38
98.82
98.04
99.25
98.74
99.12
99.19
98.87
99.05
99.14
99.11
99.49
99.15
98.81
99.02
99.16
99.16
99.15
99.19
99.15
99.11
97.49
91.88
99.24
99.15
98.92
99.24
99.29
98.80
99.14
99.17
99.01
98.21
98.38
99.22
99.14
98.75
98.87
98.96
98.20
99.12
99.07
99.21
99.04
99.19
99.16
99.18
99.12
98.83
99.13
99.28
99.26
99.08
98.80
98.97
99.13
99.13
99.20
99.16
98.98
99.19
99.09
99.20
99.18
99.18
98.88
99.14
98.95
99.21
99.16
99.16
98.88
99.18
98.46
98.96
99.17
99.14
99.16
97.95
98.81
99.17
99.23
99.22
98.29
99.21
99.20
99.18
99.20
98.97
99.17
98.99
99.21
99.21
99.22
99.10
98.99
99.17
99.20
99.19
99.15
98.86
98.40
99.23
99.07
99.18
99.15
99.09
97.10
98.40
99.18
99.18
99.18
99.20
99.12
98.87
98.72
99.16
99.17
99.08
99.14
99.10
99.17
99.16
99.18
99.15
99.40
99.04
98.90
99.20
98.67
99.12
99.39
98.57
98.45
99.17
99.18
99.16
99.13
99.15
99.21
99.17
99.09
99.13
98.89
99.18
99.15
99.25
99.18
99.01
98.73
99.26
99.07
98.55
98.62
99.12
99.26
99.22
99.10
98.09
98.51
99.23
99.00
99.11
99.18
99.36
97.92
99.18
98.85
98.21
99.26
99.25
97.95
99.18
99.12
98.63
99.24
99.11
99.10
99.12
99.14
99.20
99.07
99.21
99.18
99.19
98.38
98.96
98.75
99.15
99.07
99.17
99.20
98.87
97.96
99.20
99.13
98.95
98.21
99.17
98.13
99.11
99.18
99.08
99.14
98.55
99.19
99.35
99.22
98.86
98.75
99.12
99.17
99.18
99.17
99.16
99.09
98.96
98.74
99.05
99.16
99.16
99.19
99.49
99.50
99.23
99.21
99.21
99.02
99.01
99.22
99.17
98.99
99.15
99.24
99.22
99.10
99.10
99.24
99.08
98.81
99.15
99.21
99.19
99.24
98.89
99.17
99.15
99.18
99.25
99.02
98.61
99.09
97.72
99.15
99.19
99.18
99.13
96.66
98.25
99.23
99.17
98.95
99.20
99.22
99.17
99.14
99.14
99.04
99.15
98.85
98.41
99.15
99.21
99.19
98.87
99.18
99.16
99.15
99.15
99.04
99.10
99.20
98.89
99.19
99.12
99.02
99.20
98.89
99.13
99.06
98.36
99.01
97.60
98.87
99.29
99.20
99.09
99.20
99.04
97.68
98.59
99.13
98.73
98.96
99.04
98.33
99.04
99.20
99.06
99.01
99.18
99.18
99.21
99.21
98.58
99.21
99.05
99.16
98.73
99.20
97.95
99.14
98.61
99.20
98.91
99.14
99.21
99.49
99.16
98.69
99.12
99.15
99.15
99.07
98.45
98.69
99.20
99.13
99.24
99.20
99.12
99.12
99.17
99.24
99.16
99.16
99.19
99.16
99.08
90.86
92.81
99.03
98.84
98.97
99.14
98.29
98.48
98.96
99.17
98.65
99.07
99.15
99.18
99.16
99.39
99.51
99.24
99.24
98.80
98.90
98.61
99.07
99.22
99.11
99.09
99.13
99.17
98.89
99.15
99.21
99.15
99.11
99.11
99.14
99.20
99.17
99.45
99.23
99.18
99.16
99.20
99.19
99.23
99.13
98.66
98.99
99.16
99.30
99.10
99.18
97.32
98.76
99.12
99.14
98.90
98.97
99.17
98.95
99.17
99.13
99.04
99.14
98.83
99.20
98.88
98.91
98.88
99.14
99.18
98.01
99.17
99.21
99.12
99.03
99.11
98.68
98.80
98.93
99.04
98.91
99.16
99.18
99.22
99.22
99.22
99.04
99.27
99.16
98.59
99.18
99.18
97.65
99.09
98.67
98.95
99.12
99.18
98.50
99.12
99.20
97.87
98.55
99.20
98.99
99.11
99.22
98.92
99.20
99.14
99.11
98.06
98.68
99.14
98.48
99.48
98.44
99.23
98.98
99.16
99.23
99.13
98.78
99.02
99.06
99.11
99.17
99.11
99.18
98.95
99.11
99.22
99.19
99.11
99.12
98.62
99.17
83.74
86.56
99.16
98.67
99.17
99.13
99.20
98.37
99.16
99.02
97.71
99.12
99.19
99.15
98.99
98.94
99.19
97.33
99.19
99.17
98.86
98.99
99.50
99.18
99.21
99.08
99.20
98.07
99.00
99.22
99.17
99.06
99.13
99.03
98.83
99.23
99.25
99.03
98.95
98.46
98.57
99.23
99.15
99.11
99.19
99.21
99.07
99.08
97.80
99.37
98.98
99.24
99.16
99.16
99.19
98.85
98.67
99.01
99.24
99.19
99.19
99.18
99.09
99.02
98.44
99.18
99.25
99.06
99.23
98.75
98.55
99.23
99.25
99.16
99.15
98.30
98.41
99.19
99.23
99.39
99.08
99.12
99.12
99.20
99.18
99.20
99.10
99.16
99.16
99.22
99.30
98.97
98.65
98.82
99.19
99.19
99.25
99.42
99.03
98.95
99.17
99.13
99.11
99.50
99.01
99.18
99.05
99.20
99.20
98.75
99.20
99.03
99.06
99.20
99.16
99.43
99.03
99.09
99.16
99.19
99.10
99.10
99.18
99.22
99.11
99.15
99.18
98.89
99.00
99.18
98.94
99.15
99.08
98.94
99.04
99.18
99.17
99.19
99.06
98.94
99.07
98.48
98.50
99.15
99.16
99.14
99.15
99.19
99.17
99.19
99.15
99.15
99.11
99.16
99.11
99.20
99.19
98.98
99.10
99.11
99.15
99.18
99.14
99.20
99.28
99.50
99.18
99.09
99.17
99.50
96.83
96.90
99.17
99.10
99.07
99.09
99.05
99.19
99.17
99.27
98.62
98.67
99.13
99.10
99.18
99.18
99.11
99.11
99.08
99.01
99.16
99.16
99.15
99.17
99.16
99.05
99.34
99.23
99.29
98.88
98.96
99.03
99.16
99.15
99.15
98.81
98.91
99.01
99.22
99.21
99.49
99.08
99.04
99.07
99.12
99.13
99.16
99.15
99.19
98.92
99.10
99.18
96.66
98.24
98.59
99.20
99.28
97.74
98.98
99.21
99.22
98.84
99.20
99.15
99.50
99.12
99.04
99.20
99.24
99.17
99.11
99.06
99.18
99.06
99.23
99.21
99.23
98.60
98.92
99.14
99.08
99.23
99.44
98.37
99.18
99.15
99.17
99.07
99.50
99.07
98.99
99.01
99.19
99.20
99.14
99.12
99.09
99.14
99.16
99.21
99.13
99.20
99.21
99.16
99.19
99.17
99.15
99.18
99.10
99.09
99.18
99.13
99.50
99.10
99.00
99.09
99.21
99.15
99.04
99.10
99.03
99.16
99.17
99.17
99.50
99.20
99.07
99.12
99.15
99.08
99.39
99.19
98.52
99.16
99.25
99.19
99.25
99.34
99.51
99.17
99.17
98.77
99.13
99.17
98.96
99.20
99.23
98.46
99.17
99.15
99.18
99.19
99.12
99.10
99.10
99.17
99.16
99.18
99.20
99.12
99.23
99.02
99.26
99.20
99.12
98.76
99.14
99.18
99.19
99.18
98.33
99.26
99.27
99.06
99.18
99.22
99.17
98.72
99.19
99.17
99.25
99.13
99.24
99.31
99.14
99.16
99.19
97.79
99.18
99.25
99.19
98.52
99.25
99.18
99.21
99.31
99.18
99.16
98.41
99.16
99.18
99.43
99.21
98.19
97.34
99.20
99.16
99.23
99.22
96.77
97.93
99.21
99.31
99.28
99.12
97.88
98.32
99.14
99.33
99.34
98.99
99.11
99.04
99.06
99.19
99.38
99.20
99.22
97.94
99.17
98.69
99.34
99.19
98.99
98.83
99.05
99.27
99.30
99.26
99.12
99.21
99.20
99.12
99.00
98.78
99.19
99.17
99.08
99.20
99.34
99.26
99.22
99.37
99.22
99.20
99.37
98.99
99.09
99.20
99.17
99.02
99.46
98.91
99.19
99.17
99.18
99.17
99.47
99.45
99.14
99.20
99.45
99.05
99.51
99.22
99.06
99.16
99.17
99.22
99.29
99.32
99.49
99.21
99.17
99.23
99.15
99.03
99.16
99.05
99.17
99.36
99.14
99.20
99.08
98.87
99.16
99.49
99.19
98.90
98.97
99.20
99.19
99.48
99.51
99.20
99.16
99.19
99.17
99.06
99.18
99.20
99.17
99.20
99.17
99.46
99.26
99.06
99.15
99.08
99.16
99.50
99.17
99.33
99.19
99.22
99.17
99.45
98.96
99.21
99.23
99.25
99.18
99.47
99.24
99.15
99.19
99.16
99.44
99.50
99.16
99.40
99.18
99.16
99.48
99.41
98.80
99.50
99.52
99.40
99.46
99.44
99.26
99.33
97.73
99.15
99.02
99.45
99.07
98.41
99.12
99.18
99.26
99.46
99.25
99.14
98.73
99.16
99.10
99.49
99.15
99.13
99.18
99.22
99.23
99.19
99.16
99.24
99.16
99.11
99.09
99.37
99.07
99.27
99.14
99.13
99.03
99.30
99.17
98.07
98.31
99.17
99.16
99.50
98.69
99.12
99.13
99.12
99.22
99.46
99.22
99.10
99.07
99.15
99.06
99.44
98.79
99.07
99.17
99.16
99.24
99.51
99.23
99.21
99.20
99.19
99.15
99.29
99.29
99.09
99.22
99.18
99.07
99.17
99.27
99.49
99.17
99.18
99.51
99.15
99.02
99.24
99.17
99.17
98.47
99.23
99.18
98.89
99.20
99.22
99.08
99.15
99.19
99.20
99.20
99.20
99.24
99.22
99.13
99.05
99.27
99.16
99.13
99.19
99.11
99.18
99.15
99.17
99.38
99.08
98.62
99.22
99.20
99.19
99.49
99.18
98.06
98.90
99.18
99.20
99.49
99.22
99.22
99.11
99.05
99.19
99.41
99.20
99.12
98.27
99.16
99.16
99.47
99.21
99.19
99.14
99.00
98.25
98.21
98.94
91.56
94.58
98.55
99.20
99.51
99.44
99.42
99.51
99.34
99.17
99.09
99.31
99.13
99.16
99.19
99.17
99.43
99.00
99.21
98.24
99.20
98.56
99.45
99.07
99.20
99.15
99.08
99.08
99.16
99.24
99.14
99.21
99.32
99.34
99.20
99.23
99.24
99.13
98.90
99.07
99.20
99.20
98.98
99.05
99.09
99.10
98.97
99.17
99.22
99.20
99.23
99.18
99.21
99.18
99.21
99.26
99.22
99.16
99.14
99.17
99.23
99.14
99.15
98.91
99.17
99.19
99.12
99.17
98.78
99.20
99.45
99.07
99.06
99.21
99.22
99.26
99.24
99.32
99.51
99.17
99.22
98.99
99.21
99.18
99.12
99.23
99.17
99.20
99.09
99.11
99.21
99.21
99.15
98.75
99.18
99.17
99.18
99.26
99.19
99.09
98.99
98.24
99.31
99.26
99.14
99.45
99.17
98.72
99.24
99.21
99.20
99.08
99.10
99.26
99.18
99.19
99.15
99.41
99.21
99.20
99.20
99.18
99.21
99.46
99.11
98.79
99.17
99.19
98.79
99.42
99.22
98.98
98.59
99.13
99.05
99.46
99.29
99.09
99.20
98.58
98.45
98.99
98.77
99.15
99.26
98.86
98.96
99.09
98.63
99.04
99.04
99.25
99.22
99.50
99.42
97.80
99.20
99.15
99.36
99.13
99.25
98.16
99.20
99.16
99.02
99.20
99.19
99.20
99.06
99.01
98.89
99.42
99.06
99.10
99.17
98.01
99.17
99.44
99.08
98.78
99.26
99.20
99.20
99.12
99.21
99.17
99.14
99.13
99.20
99.11
99.24
99.23
99.22
99.13
99.04
99.12
99.25
99.25
99.18
99.23
99.34
99.16
99.18
99.16
99.15
99.15
99.19
99.24
99.01
99.34
99.09
99.14
99.18
99.17
99.18
99.24
99.24
99.21
99.01
99.36
99.17
99.50
98.98
99.22
98.97
99.12
99.22
99.16
99.14
99.21
99.50
99.17
99.20
99.23
99.21
99.19
99.45
99.06
99.01
99.09
99.21
99.21
99.47
99.22
99.18
99.21
99.18
99.12
99.49
99.17
99.15
99.20
99.16
99.29
99.47
99.14
99.20
99.12
99.21
99.10
99.19
99.18
99.18
99.24
99.20
99.10
99.51
99.17
99.26
99.20
98.99
99.06
99.22
99.12
99.11
99.24
99.14
98.99
99.16
99.33
99.19
98.86
99.23
99.17
99.41
99.26
99.24
99.24
99.13
99.40
99.44
99.21
99.16
99.20
98.29
99.36
99.15
99.17
99.18
99.19
99.20
99.40
99.40
99.05
99.20
99.30
99.26
97.88
99.15
99.19
99.15
99.26
99.02
99.20
99.08
99.14
99.22
99.08
99.17
99.17
99.16
99.14
99.10
99.48
99.13
99.34
99.08
99.42
99.22
98.98
98.67
98.71
99.19
99.16
99.23
99.26
99.27
99.23
99.42
99.19
99.11
99.17
99.23
99.19
99.24
99.23
99.21
99.48
99.44
99.23
99.18
99.12
99.20
99.02
99.18
99.18
99.17
98.66
99.13
99.14
99.19
98.82
99.19
99.19
99.51
99.21
99.22
99.07
98.98
99.23
99.21
99.30
99.14
98.94
99.19
99.21
99.07
99.23
99.25
99.13
99.04
99.18
99.14
99.20
99.20
98.76
99.18
99.14
99.12
99.20
99.16
99.17
99.20
99.17
99.22
99.20
99.16
99.02
98.88
99.17
99.12
99.22
99.20
99.17
99.17
99.18
99.18
99.22
98.99
99.18
98.93
99.21
99.24
99.24
99.18
99.48
99.17
99.24
99.13
99.14
99.24
99.19
99.21
99.05
99.18
99.11
98.99
99.43
99.14
98.87
99.10
99.21
99.14
99.16
99.28
99.08
98.28
99.09
99.19
99.20
99.21
99.21
99.16
99.06
99.19
99.19
99.06
99.05
99.23
99.17
99.23
99.19
99.13
99.18
99.16
99.21
99.10
99.06
99.17
99.12
99.20
99.20
99.12
98.24
99.12
99.18
98.95
99.16
99.14
99.08
98.90
99.17
99.14
99.19
99.12
99.21
99.14
99.20
99.16
99.19
99.09
99.16
99.18
99.16
99.14
99.18
99.14
99.18
99.14
99.15
99.15
99.16
99.20
99.18
99.09
99.19
99.13
98.73
98.78
99.26
99.12
98.83
98.96
99.18
99.17
99.16
99.16
99.51
99.19
99.17
99.15
99.12
98.54
98.82
99.14
99.17
99.08
99.15
99.11
99.15
99.19
99.17
99.27
99.18
99.06
98.90
99.17
99.14
99.15
99.17
99.19
99.19
99.16
99.21
99.15
99.17
99.15
99.19
99.17
99.17
99.20
99.20
99.16
99.16
99.15
99.18
99.21
99.21
99.17
99.15
99.16
99.11
99.21
99.21
99.27
99.16
99.25
99.12
99.02
99.14
99.27
99.23
99.23
99.03
99.13
99.20
99.02
99.19
99.21
98.40
99.19
99.23
98.85
99.19
99.25
99.22
99.21
99.17
99.12
99.16
99.10
99.18
99.18
98.84
99.25
98.96
99.18
99.23
99.16
99.13
98.99
99.08
99.22
99.18
99.22
99.10
99.21
99.07
99.30
98.95
99.08
99.05
99.14
99.20
99.17
99.18
99.50
99.18
99.14
99.12
99.08
99.04
99.18
99.16
99.13
99.10
99.15
99.14
99.04
99.19
98.94
98.99
99.17
99.15
99.51
98.95
99.05
99.12
99.09
99.16
99.40
99.18
99.12
99.16
99.19
99.11
99.46
99.16
99.22
99.13
99.22
99.16
99.16
99.22
99.15
99.19
99.17
99.15
99.17
99.36
99.49
99.29
99.30
99.47
99.27
99.21
99.18
99.20
99.14
99.41
99.19
99.23
99.16
99.31
99.14
99.40
99.23
98.93
98.81
99.20
99.19
99.17
99.17
99.17
99.32
99.25
99.15
99.47
99.18
99.16
99.21
99.25
98.56
99.07
98.94
99.16
99.06
99.26
99.19
99.11
99.07
99.22
99.28
99.26
99.18
99.48
99.19
99.26
99.17
99.18
99.13
99.48
99.09
99.24
99.09
99.21
99.05
99.50
99.22
99.24
99.16
99.19
99.14
99.14
99.09
99.18
99.02
98.88
98.41
99.21
99.15
99.22
99.17
99.17
99.18
99.18
99.01
98.42
99.23
99.10
99.12
99.11
99.19
97.86
99.21
99.12
99.12
99.49
98.62
99.22
99.14
97.89
99.16
99.44
99.15
99.16
99.18
99.28
99.11
99.50
99.17
99.04
99.22
99.50
99.15
99.21
99.16
99.30
99.22
99.15
99.10
99.10
99.17
99.16
99.13
99.28
99.21
99.10
99.05
99.17
99.26
99.21
99.26
99.08
99.23
99.18
99.16
99.12
99.16
99.48
99.15
99.02
99.23
99.19
99.17
98.89
99.25
99.21
99.09
99.07
99.01
99.28
99.30
99.51
99.23
99.13
99.17
99.19
98.96
99.21
99.11
99.11
99.19
99.15
99.06
99.10
99.27
99.15
99.10
99.18
99.07
99.02
99.14
99.19
99.08
99.13
99.14
99.26
99.24
99.22
99.30
99.20
99.07
99.20
99.15
99.08
99.21
99.19
99.16
99.21
99.16
99.18
99.03
98.98
99.21
99.19
99.15
99.20
99.21
99.20
99.14
99.47
99.04
99.19
99.14
99.17
99.09
99.22
99.13
99.30
99.46
99.18
99.23
99.16
98.48
99.19
99.12
98.25
98.19
99.22
99.02
99.22
99.18
99.21
99.03
97.97
99.07
98.67
99.47
99.25
98.33
98.63
99.28
99.17
99.50
99.20
99.18
99.18
99.18
99.19
99.48
99.16
99.22
99.18
99.31
99.16
99.17
99.14
98.99
98.01
98.90
99.41
99.49
99.18
98.44
99.25
99.30
99.32
99.14
99.21
99.15
99.18
99.19
99.11
99.22
99.17
99.24
99.17
99.39
99.09
99.08
99.24
99.27
99.13
99.20
99.10
99.07
99.18
99.22
99.13
99.17
99.24
99.47
99.22
99.20
99.49
98.78
99.48
99.23
99.15
99.21
99.21
99.34
99.13
99.18
99.22
99.49
99.21
99.19
99.16
99.18
99.12
99.26
99.12
99.24
99.08
99.22
99.15
99.17
99.18
99.22
99.15
98.99
99.02
99.10
99.27
99.19
99.18
99.09
99.16
99.17
99.17
99.12
99.13
99.16
99.06
99.06
99.12
99.06
99.09
99.14
99.19
99.18
99.17
99.17
99.17
99.19
99.09
99.12
99.18
97.94
99.12
99.22
98.89
98.81
99.18
99.29
99.20
99.15
99.25
99.21
99.19
98.81
99.49
99.15
98.32
99.18
99.19
99.50
99.20
99.22
99.20
99.18
99.30
98.58
99.36
99.22
99.05
99.13
99.16
98.05
99.24
99.28
98.01
99.24
99.19
99.02
99.45
99.06
99.05
99.20
99.15
99.17
99.49
99.21
99.14
99.10
99.22
99.18
99.43
99.18
99.18
99.21
99.18
98.38
93.68
99.20
99.18
99.30
99.24
99.15
99.23
99.22
99.13
99.10
99.14
99.17
98.86
99.13
99.21
99.13
99.08
99.23
99.17
99.15
99.17
99.15
99.12
99.15
99.42
99.17
98.09
99.15
99.19
99.16
99.47
99.24
99.15
99.24
99.12
99.01
99.45
99.17
99.16
99.18
99.23
98.89
99.18
99.27
99.26
99.22
99.16
99.06
99.20
99.20
99.11
99.08
99.19
99.49
99.18
99.20
99.19
99.18
99.22
99.48
99.21
99.06
99.14
99.23
99.18
99.46
99.21
99.25
99.22
99.32
99.13
99.21
99.19
99.00
99.15
99.18
99.18
99.18
99.24
99.18
99.12
99.11
99.08
99.02
99.16
99.09
99.11
98.27
99.27
99.45
99.16
99.10
99.17
99.30
99.10
99.21
99.19
99.02
98.25
98.97
99.08
99.35
99.19
99.29
99.10
99.29
99.35
99.17
99.23
99.18
99.15
99.08
99.28
99.49
99.22
99.32
99.20
99.06
98.75
99.11
99.16
99.27
97.75
99.26
99.24
99.48
99.17
99.19
99.21
99.23
99.15
99.16
99.19
99.20
99.10
99.16
98.97
99.38
99.28
99.17
99.09
98.76
99.09
99.41
99.18
99.17
99.20
99.18
99.15
99.23
99.28
99.31
99.03
99.22
99.14
99.40
99.20
99.11
99.22
99.04
99.13
99.15
97.95
98.06
99.17
99.09
99.02
99.08
99.27
99.25
99.22
99.23
99.20
99.19
99.18
99.15
99.13
99.21
98.88
99.23
99.23
99.13
99.13
99.29
99.17
99.26
99.46
99.52
99.24
99.03
99.14
99.21
99.16
99.38
99.28
98.93
99.41
99.22
99.15
99.21
99.40
99.06
99.50
99.14
98.93
99.01
99.34
99.08
99.50
99.18
99.10
99.30
99.18
99.12
99.47
99.18
99.17
99.18
99.39
99.10
99.51
99.38
99.10
99.15
98.40
99.06
99.48
99.24
99.13
99.21
99.20
99.10
99.40
99.16
99.06
99.19
99.19
99.34
99.50
99.49
99.13
99.21
99.06
98.35
99.51
99.20
99.09
98.07
98.38
98.80
99.28
99.33
98.92
99.23
99.29
98.89
99.44
99.22
99.21
99.15
99.30
99.24
99.19
99.20
98.98
99.12
99.27
99.17
99.44
99.30
99.09
99.22
99.42
98.95
99.41
99.24
99.13
99.18
99.16
99.38
99.43
99.19
98.96
99.28
99.21
99.16
99.37
99.37
99.34
98.92
99.35
99.19
99.48
99.08
99.16
99.21
99.22
99.17
99.47
99.19
98.92
99.15
99.23
99.26
99.40
98.53
99.04
99.24
99.30
99.05
99.11
99.17
99.10
99.15
99.13
99.04
99.42
99.27
99.05
99.16
99.26
98.97
99.15
99.17
99.18
99.15
99.27
99.09
99.12
98.42
99.51
99.17
99.11
99.46
99.18
99.10
99.18
99.11
98.98
99.15
99.18
98.85
99.22
99.24
99.18
99.48
99.17
99.18
99.04
98.54
99.16
99.24
98.90
98.97
99.24
98.98
99.10
99.50
99.14
99.05
99.27
99.28
99.05
99.49
99.21
99.21
98.24
99.27
99.09
99.40
98.35
98.25
98.81
98.58
98.95
99.18
99.20
99.14
99.19
99.20
99.00
99.20
99.16
98.94
99.13
99.19
99.11
99.51
99.25
98.99
99.19
99.03
99.02
99.41
98.90
98.87
99.14
99.18
99.08
99.23
99.19
99.01
99.20
99.20
98.99
99.49
99.08
98.99
99.17
99.18
98.97
99.43
99.14
98.97
99.13
99.18
98.99
99.25
99.20
99.09
99.18
99.18
98.95
99.22
99.18
99.08
99.10
99.22
99.03
99.17
99.16
99.03
98.95
98.98
99.06
99.49
99.19
99.04
99.16
99.20
99.14
99.15
98.93
99.10
99.17
99.14
99.07
99.18
99.15
99.05
99.13
99.19
99.04
99.16
99.16
99.18
99.21
99.16
99.03
99.17
99.13
98.99
99.03
99.19
99.18
99.16
99.19
99.18
99.21
99.22
98.94
99.20
99.21
99.50
98.83
98.96
99.47
99.20
98.74
98.82
99.16
99.00
99.12
99.13
98.98
99.09
99.17
98.97
99.39
99.14
98.98
99.11
99.20
99.13
99.24
99.17
98.92
98.98
99.14
99.14
99.17
99.20
99.15
99.03
99.18
99.17
99.44
99.08
98.95
99.09
99.22
99.03
99.50
99.00
98.96
99.10
99.15
97.79
99.18
98.14
98.59
98.34
99.21
99.17
99.47
99.23
98.99
99.11
99.20
99.07
99.16
99.16
99.09
99.18
99.12
99.08
99.17
99.23
99.02
99.19
99.17
98.91
99.18
99.19
99.49
99.18
99.12
99.03
99.48
99.21
98.87
99.06
99.24
99.17
99.50
99.18
98.99
99.08
99.21
99.16
99.49
99.15
99.17
99.18
99.15
99.03
99.23
99.17
98.99
98.98
99.20
98.98
99.19
99.16
99.05
99.18
99.19
99.16
99.17
99.17
98.69
98.87
99.19
99.01
99.13
99.16
99.11
99.12
99.16
99.26
99.20
99.15
99.18
99.39
99.27
98.94
99.21
99.19
99.07
99.16
99.19
98.88
99.32
99.20
99.19
99.19
99.14
98.88
99.45
99.18
99.05
99.25
99.17
99.05
99.42
99.27
99.50
99.22
99.18
99.42
99.34
99.12
99.36
98.94
99.20
99.10
99.18
99.17
99.18
99.19
99.15
99.18
99.18
98.99
99.10
99.37
99.34
99.05
99.24
99.09
99.14
98.91
99.20
99.49
99.29
99.14
99.14
99.22
99.16
99.20
99.28
98.60
99.27
98.71
97.93
99.24
99.14
99.08
98.66
99.11
99.02
99.16
99.33
99.28
99.24
99.26
99.21
99.48
99.31
99.01
99.24
99.35
99.09
99.22
99.11
99.15
99.28
98.33
99.17
99.50
98.05
99.01
99.23
98.64
99.01
99.43
99.17
99.18
99.15
99.13
99.07
99.26
97.34
98.83
99.17
99.35
99.51
99.41
99.29
99.08
99.25
99.28
99.23
99.20
99.18
99.24
99.32
99.40
99.29
99.46
98.83
99.25
99.09
99.23
99.40
99.46
99.18
99.23
99.11
99.42
98.20
99.47
99.20
99.18
99.11
99.47
99.20
99.44
99.45
99.12
99.25
99.21
99.48
99.47
99.33
99.20
98.25
99.16
99.05
99.15
99.29
99.18
99.10
99.37
98.29
99.47
99.35
99.04
99.17
99.27
99.02
99.20
99.23
99.14
99.26
98.96
99.15
99.19
99.31
99.49
99.27
99.21
99.50
99.36
99.27
99.25
99.19
99.20
99.50
99.18
99.23
98.33
99.22
99.33
99.19
99.23
98.96
98.98
99.15
99.14
99.21
99.15
99.23
99.14
99.31
99.16
99.47
99.17
99.12
99.22
99.17
99.02
99.17
99.25
98.21
98.77
99.32
99.04
99.13
99.28
99.13
99.16
99.32
99.02
99.27
99.10
99.20
99.26
99.38
99.13
99.19
99.26
99.09
99.13
99.22
99.04
99.23
99.23
99.24
99.12
98.62
99.30
99.25
99.20
98.95
99.26
99.02
99.18
99.31
99.25
99.19
99.10
99.01
99.24
99.48
99.28
99.14
99.11
58.55
61.34
86.67
89.60
91.41
93.19
94.91
95.56
94.96
95.45
