0.02
0.01
6.33
2.35
0.58
1.79
0.11
0.02
0.01
0.06
0.02
0.01
0.01
0.01
0.00
0.03
0.00
0.06
0.01
0.03
0.01
0.07
0.15
0.02
0.01
0.02
0.01
0.04
0.01
0.02
0.04
0.01
0.01
0.03
0.01
0.02
0.04
0.01
0.01
0.06
0.00
0.04
0.00
0.01
0.04
0.17
0.03
0.04
0.02
0.12
0.01
0.02
0.01
0.06
0.02
0.03
0.02
0.03
0.01
0.02
0.01
0.01
0.00
0.03
0.01
0.01
0.01
0.02
0.01
0.07
0.01
0.01
0.01
0.02
0.01
0.01
0.00
0.01
0.04
0.01
0.00
0.01
0.00
0.02
0.02
0.05
0.02
0.01
0.04
0.03
0.14
0.03
0.02
0.09
0.13
0.56
0.09
0.03
0.18
1.25
0.17
1.45
0.23
0.12
0.17
0.60
0.10
1.21
0.24
0.66
0.19
1.35
0.23
1.52
0.16
0.14
0.18
1.00
0.21
1.64
0.25
0.22
0.22
0.93
0.14
1.42
0.15
0.09
0.10
1.24
0.39
1.40
0.20
0.16
0.16
0.89
0.06
1.59
0.10
0.14
0.18
1.10
0.29
0.21
0.15
5.32
2.50
0.63
1.85
0.41
0.16
0.15
0.87
0.31
1.55
0.17
0.11
0.15
0.94
0.23
1.62
0.07
0.04
0.03
0.69
0.24
1.06
0.03
0.06
0.02
1.03
0.61
1.30
0.11
0.13
0.10
0.84
0.05
1.71
0.39
0.16
0.20
0.73
0.03
1.17
0.14
0.10
0.15
1.05
0.71
1.95
0.35
0.26
0.28
0.92
0.20
1.90
1.58
1.15
0.63
1.41
0.25
2.01
1.20
1.56
0.71
1.24
0.47
1.97
0.96
0.54
0.42
1.28
0.24
1.74
0.68
0.26
0.25
0.75
0.22
1.64
0.83
0.37
0.18
0.98
0.29
1.96
1.13
0.25
0.19
0.91
0.34
1.77
0.55
0.20
0.18
1.10
0.50
2.75
0.64
0.24
0.24
0.93
0.23
1.63
0.70
0.29
0.22
0.92
0.17
1.60
0.31
0.21
0.16
0.80
0.17
1.55
0.16
0.29
0.22
1.24
0.42
1.61
1.61
0.20
0.20
2.14
0.24
1.51
0.55
0.27
0.19
0.74
0.23
1.48
0.76
0.23
0.21
1.19
0.12
1.68
0.46
0.16
0.18
1.00
0.21
0.77
0.26
5.05
2.17
0.37
1.70
0.68
0.14
0.12
0.85
0.20
1.68
0.63
0.15
0.11
0.74
0.14
1.65
0.14
0.02
0.27
0.71
0.37
1.53
0.06
0.09
0.09
0.67
0.14
0.92
0.04
0.11
0.09
0.55
0.04
1.19
0.30
0.36
0.23
1.56
0.04
1.13
0.07
0.17
0.22
0.69
0.10
2.00
0.77
0.19
0.14
0.89
0.24
1.09
0.20
0.18
0.24
1.54
2.70
2.05
0.46
0.69
0.48
1.02
0.44
1.74
0.33
0.16
0.33
1.26
0.56
1.85
0.40
0.28
0.21
1.28
3.16
2.40
0.97
0.38
0.38
0.89
0.22
1.83
1.41
0.64
0.49
0.92
0.15
1.81
0.87
0.29
0.55
0.86
0.16
1.78
0.76
0.15
0.23
0.62
0.09
1.69
0.70
0.15
0.25
0.78
0.16
1.65
3.16
0.26
0.39
0.86
0.04
1.79
0.78
0.23
0.24
1.00
0.21
1.77
0.69
0.33
0.30
1.12
0.12
1.75
0.49
0.24
0.23
0.98
0.33
1.79
1.54
0.40
0.18
0.85
0.14
1.83
0.59
0.15
0.17
0.82
0.12
0.70
0.15
5.18
1.78
0.36
1.91
0.78
0.15
0.13
0.94
0.05
1.74
0.53
0.16
0.12
0.74
0.25
1.75
0.78
0.06
0.01
0.90
0.25
1.76
0.60
0.05
0.04
0.43
0.11
1.90
0.56
0.06
0.04
0.39
0.17
1.99
0.53
0.07
0.10
0.77
0.02
1.71
0.74
0.13
0.23
0.67
0.12
3.90
0.66
0.26
0.26
0.95
0.18
1.65
0.82
0.23
0.25
0.90
0.14
1.84
0.73
0.31
0.29
1.00
0.25
2.20
0.44
0.13
0.28
0.80
0.07
1.79
0.64
0.29
0.31
0.83
0.04
1.70
0.66
0.26
0.24
0.90
0.24
2.05
0.96
0.25
0.31
1.30
0.31
2.18
0.59
0.28
0.23
0.96
0.16
2.01
0.98
0.81
0.26
0.80
0.06
1.61
0.86
0.23
0.22
0.79
0.05
1.83
0.56
0.35
0.16
0.85
0.09
1.77
1.17
0.28
1.70
0.69
0.37
2.07
0.51
0.25
0.29
0.72
0.15
1.85
0.52
0.18
0.21
0.81
0.07
2.31
0.61
0.26
0.22
0.83
0.08
1.92
0.54
0.13
0.14
1.02
0.07
0.64
0.17
5.12
1.94
0.25
1.84
0.74
0.22
0.18
1.06
0.08
1.69
0.34
0.15
0.17
1.07
0.47
2.25
0.35
0.45
0.01
0.57
0.33
2.11
0.08
0.04
0.05
0.80
0.29
1.56
0.10
0.10
0.11
0.58
0.11
1.17
0.15
0.12
0.15
0.80
0.24
2.22
0.06
0.16
0.26
1.44
0.21
1.84
1.59
1.53
0.25
1.06
0.55
1.70
0.34
0.84
0.28
1.02
0.56
2.22
0.33
0.26
0.23
1.63
0.83
2.13
0.36
0.19
0.27
1.14
0.54
2.02
0.38
0.35
0.15
2.73
1.14
1.94
0.85
0.54
0.38
1.51
0.38
2.04
0.60
0.42
0.28
1.51
0.54
2.05
0.38
0.24
0.29
0.87
0.24
1.75
0.68
0.13
0.20
0.76
0.18
3.17
0.77
1.33
0.34
1.32
0.44
1.83
0.95
0.32
0.32
1.01
0.32
2.11
0.48
0.26
0.21
1.07
0.41
1.94
0.87
0.36
0.17
0.90
0.10
1.61
0.83
0.41
0.51
3.42
0.46
1.93
0.84
0.91
0.35
1.12
0.19
2.10
0.27
0.02
0.03
0.77
0.07
0.22
0.03
4.55
1.70
0.41
2.56
0.36
0.03
0.02
0.75
0.02
0.77
0.08
0.04
0.01
0.66
0.01
0.09
0.01
0.19
0.01
0.16
0.03
0.05
0.01
0.03
0.01
0.03
0.00
0.01
0.01
0.13
0.01
0.12
0.03
0.11
0.03
0.07
0.01
0.05
0.04
0.01
0.03
0.07
0.05
0.08
0.03
0.02
0.04
0.02
0.05
0.78
0.06
0.91
0.13
0.11
0.16
1.18
0.60
2.07
0.24
0.16
0.23
1.37
0.56
2.08
0.25
0.33
0.20
0.95
0.04
1.70
0.18
0.21
0.25
1.45
0.44
2.13
0.37
0.27
0.25
1.34
0.29
1.69
1.43
0.22
0.22
1.27
0.49
1.90
0.11
0.01
0.01
1.05
0.15
1.01
0.03
0.02
0.02
0.49
0.01
0.02
0.03
0.03
0.01
0.07
0.01
0.04
0.03
0.01
0.01
0.03
0.01
0.05
0.08
0.01
0.01
0.04
0.01
0.03
0.01
0.03
0.01
0.01
0.01
0.01
0.01
0.01
0.01
0.01
0.18
0.05
0.01
0.02
0.03
0.16
0.01
0.06
0.00
0.01
0.06
0.05
0.03
0.04
0.05
5.46
2.12
0.38
2.32
0.04
0.04
0.03
0.69
0.01
0.03
0.02
0.01
0.03
0.04
0.03
0.15
0.04
0.03
0.03
0.37
0.03
0.58
0.03
0.04
0.02
0.16
0.01
0.01
0.02
0.01
0.01
0.04
0.00
0.14
0.01
0.01
0.01
0.60
0.06
0.98
0.03
0.02
0.05
0.39
0.01
0.89
0.08
0.02
0.01
0.01
0.01
0.02
0.02
0.02
0.02
0.08
0.01
0.05
0.02
0.01
0.01
0.02
0.00
0.03
0.02
0.05
0.01
0.17
0.01
0.02
0.03
0.07
0.01
0.01
0.01
0.02
0.04
0.02
0.01
0.03
0.02
0.05
0.16
0.01
0.01
0.46
0.03
0.82
0.02
0.02
0.01
0.01
0.01
0.06
0.03
0.01
0.07
0.03
0.01
0.01
0.02
0.01
0.01
0.11
0.01
0.04
0.02
0.01
0.01
0.02
0.03
0.02
0.01
0.05
0.01
0.04
0.01
0.02
0.01
0.01
0.02
0.04
0.04
0.04
0.02
0.01
0.01
0.02
0.01
0.02
0.09
0.03
0.17
0.16
0.01
0.15
0.05
0.08
0.03
0.26
0.05
0.32
0.30
5.98
2.95
0.93
1.55
0.21
0.16
0.15
0.80
0.38
1.74
0.20
0.13
0.15
1.20
0.40
1.44
0.08
0.01
0.03
0.72
0.20
1.57
0.11
0.03
0.03
1.08
1.26
1.56
0.10
0.18
0.13
0.80
0.37
1.29
0.23
0.25
0.30
1.13
0.60
1.63
0.12
1.01
0.19
1.18
0.40
1.62
0.50
0.32
0.24
1.12
0.50
1.98
0.55
0.30
0.21
0.92
0.26
1.90
0.52
0.48
0.31
1.34
0.26
1.06
0.79
0.61
1.10
1.27
0.40
0.47
0.66
0.59
0.38
0.47
0.52
0.33
0.35
0.28
0.38
0.40
1.08
0.55
6.66
0.18
0.39
1.20
0.33
0.75
0.34
0.30
0.35
1.21
0.48
1.01
0.47
0.35
0.33
1.15
0.28
0.75
0.30
0.24
0.19
0.82
0.34
0.86
0.42
0.38
0.30
0.89
0.10
0.63
0.31
0.26
0.30
0.99
0.17
0.73
0.34
0.25
0.23
0.88
0.25
0.89
0.21
1.03
0.21
0.92
0.14
0.71
0.20
0.19
0.98
0.76
0.04
0.83
0.17
0.17
0.29
0.76
0.06
0.26
0.20
4.98
2.04
0.30
0.97
0.37
0.31
0.23
0.98
0.04
0.64
0.23
0.22
0.28
1.24
0.38
1.00
0.10
0.01
0.40
0.58
0.61
0.92
0.08
0.07
0.05
0.92
0.10
0.71
0.13
0.13
0.20
0.71
0.09
1.11
0.16
0.16
0.16
1.19
0.06
1.35
0.12
0.18
0.33
1.11
1.23
1.46
0.36
0.24
0.24
1.41
0.16
1.04
0.38
0.26
0.26
0.81
0.08
1.15
0.41
0.19
0.13
0.91
0.24
1.40
0.15
0.08
0.09
0.77
2.26
1.85
0.42
0.30
0.35
1.44
0.67
1.95
0.29
0.25
0.25
0.94
0.27
1.69
0.41
0.19
0.16
0.84
0.13
0.94
0.36
0.42
0.46
1.88
0.59
0.82
0.99
0.21
0.20
0.87
0.25
0.88
0.35
0.28
0.25
0.65
0.07
0.92
0.26
0.23
0.16
0.58
0.03
0.56
0.26
0.27
0.13
0.58
0.05
0.65
0.32
0.22
0.17
0.86
0.12
0.69
0.53
0.31
0.30
1.02
0.12
0.66
0.24
0.18
0.19
0.68
0.01
0.59
0.18
0.18
0.20
0.76
0.05
0.27
0.16
4.91
1.71
0.40
0.97
0.35
0.14
0.15
0.68
0.04
0.63
0.19
0.17
0.14
0.88
0.07
0.77
0.11
0.02
0.03
0.79
0.25
0.56
0.13
0.08
0.06
0.75
0.37
1.22
0.25
0.13
0.12
0.98
0.18
0.92
0.29
0.18
0.12
0.76
0.07
0.78
0.17
0.31
0.71
1.03
0.10
0.81
0.32
0.26
0.27
1.11
0.34
0.89
0.48
1.00
0.40
3.74
1.79
1.27
0.40
0.48
0.43
1.23
0.18
0.90
0.40
0.30
0.29
0.90
0.44
0.77
1.00
0.53
0.78
1.87
0.60
0.87
0.39
0.29
0.30
0.72
0.23
0.71
0.30
0.27
0.23
0.87
0.16
0.56
0.26
2.43
0.16
0.87
0.16
0.97
0.31
0.24
0.22
0.78
0.14
1.01
0.39
0.13
0.34
0.70
0.11
0.97
0.33
0.25
0.22
0.74
0.05
0.99
0.16
0.32
0.27
0.88
0.03
0.97
0.45
0.35
0.36
1.25
0.04
0.93
0.34
0.22
0.29
0.78
0.04
0.89
0.20
0.14
0.16
0.77
0.05
0.96
0.13
0.16
0.12
0.66
0.04
0.17
0.11
5.42
1.78
0.26
1.18
0.27
0.10
0.16
1.13
0.04
1.11
0.16
0.14
0.09
0.76
0.02
0.86
0.09
0.43
0.05
0.22
0.06
0.87
0.04
0.02
0.02
0.31
0.03
0.79
0.12
0.08
0.07
0.71
0.04
1.12
0.22
0.16
0.14
0.83
0.07
1.06
0.15
0.16
0.15
0.81
0.10
1.16
0.26
0.21
0.19
0.90
0.06
1.13
0.26
0.16
0.42
0.77
0.14
1.17
0.29
0.25
0.30
0.90
0.38
1.54
0.30
0.18
0.26
1.10
0.12
1.36
0.31
0.11
0.22
0.88
0.11
1.21
0.40
0.34
0.40
1.11
0.25
1.10
0.43
0.29
0.30
1.19
0.10
1.11
0.63
0.28
0.63
1.49
0.17
0.83
0.48
0.21
0.22
1.46
0.19
0.82
0.36
0.21
0.20
0.81
0.07
0.95
0.42
0.30
0.27
1.21
0.08
0.68
0.37
0.16
0.21
0.82
0.08
0.69
0.21
0.13
0.21
0.81
0.09
0.70
2.54
0.48
0.30
0.80
0.21
0.91
0.26
0.26
0.16
1.23
0.04
0.67
0.30
0.18
0.62
1.00
0.06
0.18
0.11
5.46
1.71
0.27
0.83
0.26
0.11
0.16
0.77
0.06
0.67
0.19
0.19
0.23
0.91
0.05
0.63
0.08
0.02
0.01
1.06
0.07
0.64
0.04
0.04
0.03
0.75
0.27
0.72
0.04
0.09
0.02
0.55
0.08
0.64
0.13
0.12
0.05
0.67
0.06
0.63
0.06
0.07
0.12
0.89
0.11
0.67
0.14
0.13
0.10
1.62
0.57
1.16
0.27
0.21
0.24
1.59
0.45
0.92
0.19
0.17
0.16
0.79
0.44
0.78
0.14
0.11
0.11
1.27
0.46
1.09
0.33
0.20
0.26
1.38
0.26
0.93
0.40
0.41
0.59
1.08
0.32
1.27
0.53
0.67
0.72
1.19
0.23
0.73
0.24
0.28
0.53
0.96
0.15
1.08
0.40
0.17
0.20
0.84
0.14
1.38
0.45
0.33
0.28
1.12
0.17
0.91
0.31
0.30
0.24
0.96
0.04
0.64
0.28
0.38
0.35
0.80
0.13
0.77
0.29
0.24
0.38
1.48
0.55
1.13
2.66
0.26
0.20
0.92
2.52
0.79
0.32
0.26
0.25
0.73
0.15
0.77
0.18
0.33
0.34
1.34
0.08
0.24
0.15
5.07
1.84
0.46
0.98
0.25
0.22
0.20
0.84
0.21
0.66
0.23
0.20
0.21
1.11
0.03
0.62
0.15
0.03
0.02
0.89
0.30
0.91
0.13
0.04
0.03
0.48
0.07
0.69
0.20
0.15
0.15
0.82
0.02
0.73
0.23
0.09
0.08
0.77
0.03
0.61
0.16
0.31
0.19
0.87
0.08
0.71
0.26
0.13
0.20
0.89
0.09
0.75
0.21
0.13
0.15
0.94
0.19
1.44
0.36
0.15
0.29
1.34
0.05
0.75
0.14
0.06
0.18
1.06
0.28
1.11
0.30
0.28
0.27
1.65
0.34
1.29
0.31
0.21
0.19
0.86
0.10
1.21
0.29
0.14
0.20
0.89
0.05
0.81
0.14
0.03
0.02
0.90
0.14
0.82
0.16
0.05
0.03
0.89
0.22
0.77
0.03
0.03
0.02
0.98
0.08
0.68
0.02
0.01
0.01
0.97
0.28
0.85
0.01
0.03
0.02
1.10
0.43
0.89
0.04
0.04
0.01
0.98
0.34
0.93
0.14
0.06
0.03
1.30
0.20
0.80
0.04
0.01
0.01
1.04
0.15
0.79
0.05
0.02
0.02
1.14
0.41
0.08
0.04
4.99
1.78
0.66
1.10
0.13
0.05
0.02
1.18
0.35
0.90
0.02
0.02
0.02
1.08
0.18
0.95
0.01
0.03
0.01
1.05
0.50
1.25
0.05
0.04
0.03
0.86
0.10
0.90
0.09
0.15
0.04
1.09
0.20
1.10
0.03
0.01
0.03
1.18
0.14
1.20
0.04
0.02
0.03
1.01
0.20
1.29
0.13
0.14
0.06
0.70
0.04
0.99
0.13
0.06
0.21
1.32
0.21
1.41
0.23
0.07
0.12
1.06
1.71
0.94
0.31
0.16
0.13
1.39
0.40
1.24
0.09
0.04
0.02
1.24
0.33
1.24
0.30
0.21
0.23
1.36
0.47
1.18
0.34
0.12
0.35
1.26
0.32
1.00
0.30
0.14
0.35
1.28
0.25
1.12
0.20
0.04
0.02
0.88
0.22
1.06
0.08
0.03
0.03
1.04
0.12
1.12
0.06
0.04
0.03
0.91
0.13
1.14
0.03
0.04
0.03
1.01
0.16
1.22
0.02
0.07
0.04
0.83
0.11
1.18
0.03
0.06
0.06
1.12
0.47
1.20
0.14
0.07
0.03
0.98
0.14
1.19
0.27
0.19
0.23
0.88
0.23
0.27
0.25
5.60
2.28
0.78
1.34
0.34
0.27
0.40
1.14
0.15
1.10
0.32
0.23
0.42
1.02
0.17
1.01
0.16
0.05
0.03
1.18
0.17
1.05
0.15
0.19
0.16
0.79
0.12
0.98
0.32
0.24
0.33
0.97
0.14
1.07
0.54
0.42
0.40
1.10
0.07
0.92
0.25
0.39
0.24
0.86
0.09
1.55
0.33
0.19
0.23
1.07
0.23
1.62
0.37
0.28
0.24
0.67
0.19
1.52
0.40
0.25
0.24
1.04
0.14
1.44
0.31
1.04
0.27
1.08
0.17
1.57
0.41
0.33
0.30
1.52
0.50
1.57
0.47
0.35
0.27
1.00
0.24
1.43
0.75
0.32
0.36
1.47
0.26
1.46
0.42
0.46
0.41
1.23
0.25
1.66
0.58
0.40
0.32
1.04
0.20
1.56
0.44
0.32
0.22
0.94
0.12
1.57
0.64
1.09
0.33
0.96
0.09
1.50
0.46
0.32
0.26
0.84
0.19
1.62
0.55
0.37
0.32
1.23
0.24
1.57
0.47
0.33
0.27
1.11
0.20
1.57
0.73
1.19
0.42
1.21
0.15
1.43
0.22
0.28
0.43
1.00
0.20
0.51
0.21
7.79
2.35
0.87
1.89
0.47
0.33
0.29
0.90
0.10
1.51
0.49
0.27
0.28
1.19
0.22
1.64
0.48
0.62
0.07
0.61
0.27
1.77
0.58
0.35
0.19
1.01
0.33
1.67
0.39
0.25
0.16
0.89
0.37
1.63
0.39
0.23
0.17
0.81
0.05
1.36
0.17
0.26
0.21
0.79
0.52
1.69
0.60
0.44
0.39
1.32
0.83
2.12
0.88
0.51
0.39
1.20
0.56
1.98
7.26
9.55
1.28
1.13
0.55
1.91
1.33
12.74
12.60
11.98
11.74
11.94
11.76
11.79
1.70
1.36
0.78
1.62
0.44
0.45
0.52
1.27
0.56
1.99
0.59
0.38
0.44
1.21
0.28
1.53
0.24
0.25
0.29
0.97
0.19
1.80
0.55
0.31
0.24
1.17
0.24
1.77
0.73
0.32
0.32
1.15
0.13
1.59
0.43
1.55
0.25
0.97
0.12
1.53
1.32
0.35
0.30
0.95
0.24
1.92
0.92
0.50
0.37
1.35
0.39
1.71
0.58
0.37
0.26
1.07
0.16
1.43
0.28
0.26
0.30
0.95
0.02
1.44
0.40
0.28
0.32
0.78
0.15
0.69
0.50
6.05
3.17
0.63
1.88
0.37
0.23
0.25
1.10
0.13
1.21
0.96
0.34
0.34
0.95
0.05
1.30
0.16
0.01
0.04
0.85
0.29
1.38
0.07
0.05
0.04
0.23
0.09
1.45
0.27
0.12
0.14
0.77
0.22
1.44
0.31
0.19
0.19
0.77
0.03
1.37
0.41
0.58
0.88
1.05
0.14
1.54
0.67
0.50
0.67
1.19
0.45
1.81
0.58
0.38
2.36
1.77
0.59
1.78
0.54
0.23
0.19
0.89
0.10
2.11
1.41
0.80
1.01
1.50
0.43
9.30
11.59
11.48
11.55
11.91
4.05
2.36
0.36
0.17
0.29
1.58
0.26
1.80
0.61
0.27
0.25
1.70
0.12
1.79
0.65
0.20
0.40
1.25
0.20
1.62
0.56
0.44
0.36
1.34
2.35
2.00
0.71
0.45
0.59
3.63
0.48
1.71
0.58
0.40
0.23
1.09
0.05
1.41
0.47
0.31
0.36
1.23
0.23
1.59
0.37
0.38
0.24
1.21
0.27
1.62
0.54
0.37
0.23
0.91
0.24
1.63
0.54
0.37
0.37
1.14
0.08
1.43
0.31
0.15
0.23
0.90
0.12
0.43
0.24
5.06
2.71
0.66
1.74
0.41
0.30
0.33
1.16
0.13
1.58
0.40
0.39
0.33
0.96
0.05
1.33
0.26
0.52
0.01
0.79
0.14
1.42
0.20
0.22
0.14
0.82
0.11
1.54
0.34
0.15
0.13
0.87
0.17
1.47
0.40
0.33
0.33
0.81
0.02
1.57
0.39
0.48
0.47
1.18
0.22
1.63
0.48
0.41
0.29
0.95
0.16
1.78
0.53
0.13
0.13
1.37
0.75
6.96
7.48
0.99
0.62
2.06
0.59
1.84
1.51
0.42
0.53
2.32
0.45
1.77
0.37
0.15
0.17
1.17
0.33
1.84
0.76
0.33
0.18
1.33
0.44
1.52
0.72
0.94
0.51
1.75
0.49
1.17
0.34
0.43
0.38
1.10
0.27
1.67
0.42
0.28
0.44
0.83
0.24
1.29
0.51
0.31
0.39
1.10
0.22
1.16
0.51
0.29
0.29
1.04
2.47
1.32
0.51
0.29
0.34
1.12
0.30
1.27
0.60
0.36
0.31
1.04
0.18
1.19
0.41
0.26
0.19
1.03
0.20
1.26
0.44
0.28
0.23
0.82
0.06
0.83
0.30
0.24
0.39
1.09
0.24
0.35
0.20
5.77
2.47
1.00
2.05
0.47
0.31
0.24
0.99
0.18
1.55
0.37
0.24
0.23
0.86
0.25
1.59
0.21
0.03
0.55
0.61
0.26
1.50
0.20
0.23
0.20
0.72
0.42
1.73
0.35
0.19
0.26
0.90
0.27
1.57
0.36
0.22
0.22
0.80
0.09
1.32
0.23
0.40
0.46
1.29
0.23
1.47
0.44
0.24
0.30
1.16
0.22
1.70
0.40
0.26
0.20
0.95
0.46
1.70
0.60
0.51
0.46
1.37
0.52
1.75
0.70
0.33
0.39
1.22
0.36
1.95
0.54
0.39
0.33
1.18
0.50
2.16
0.44
0.31
0.33
1.12
0.47
2.14
0.36
0.17
0.11
0.36
0.36
1.20
0.17
0.15
0.19
0.55
0.18
1.53
0.48
0.35
0.27
0.99
0.28
1.75
0.54
0.47
0.42
1.33
0.26
1.41
0.45
0.33
0.28
0.99
0.09
0.77
0.46
0.43
0.36
1.23
0.23
1.42
0.46
0.27
2.58
1.36
0.44
1.26
0.41
0.48
0.34
1.46
0.58
0.97
0.36
0.24
0.19
0.95
0.08
0.71
0.36
0.20
0.23
0.88
0.17
0.29
0.15
5.51
2.27
0.60
1.38
0.47
0.28
0.27
0.94
0.18
0.89
0.47
0.18
0.25
1.26
0.19
0.91
0.12
0.02
0.52
0.38
0.10
0.74
0.12
0.10
0.06
0.61
0.12
0.89
0.26
0.13
0.12
0.96
0.27
0.98
0.43
0.32
0.22
0.99
0.05
0.72
0.07
0.20
0.26
0.81
0.25
0.95
0.40
0.24
0.24
1.01
0.26
1.15
0.36
0.24
0.23
3.18
0.31
1.45
0.44
0.29
0.24
1.03
0.26
1.11
0.15
0.09
0.05
1.07
0.32
1.58
0.42
0.34
1.89
1.18
0.34
1.29
0.48
0.31
0.34
1.51
0.35
1.29
0.45
0.37
0.46
1.17
0.28
0.93
0.30
0.18
0.11
1.14
0.22
0.84
0.25
0.14
0.13
0.78
0.11
0.81
0.11
0.09
0.08
0.95
0.07
0.93
0.12
0.06
0.06
0.76
0.02
1.06
0.10
0.07
0.09
0.88
0.16
0.88
0.11
0.06
0.05
0.92
0.07
0.87
0.09
0.03
0.04
0.69
0.08
0.74
0.20
0.07
0.04
0.76
0.05
0.78
0.04
0.04
0.03
0.97
0.11
0.09
0.04
4.76
2.07
0.42
0.88
0.08
0.04
0.02
0.95
0.28
0.76
0.08
0.06
0.03
0.70
0.04
0.67
0.07
0.44
0.01
0.31
0.09
0.76
0.09
0.05
0.02
0.27
0.11
0.72
0.07
0.04
0.02
0.54
0.04
0.75
0.09
0.17
0.11
1.08
0.02
0.62
0.08
0.04
0.06
0.90
0.16
1.05
0.19
0.15
0.13
0.80
0.22
2.18
0.31
0.27
0.16
1.00
0.21
1.25
1.91
0.31
0.30
1.14
0.63
1.21
0.41
0.24
0.25
1.05
0.23
1.11
0.25
0.07
0.03
1.20
0.28
1.14
0.35
0.29
0.20
1.04
0.31
1.50
0.35
0.24
0.23
0.98
0.33
0.90
0.39
0.23
0.21
0.94
0.12
0.86
0.08
0.07
0.06
0.85
0.11
0.87
0.18
0.10
0.07
1.00
0.07
0.80
0.10
0.03
0.02
0.61
0.01
0.75
0.08
0.04
0.04
0.91
0.07
0.90
0.07
0.11
0.07
0.91
0.06
1.41
0.12
0.04
0.09
0.71
0.06
1.53
0.21
0.07
0.04
1.34
0.13
1.33
0.35
0.28
0.20
0.85
0.14
0.33
0.20
5.69
3.16
0.80
1.78
0.51
0.27
0.19
0.91
0.13
1.71
0.27
0.21
0.17
0.87
0.19
1.53
0.16
0.04
0.49
0.39
0.18
1.39
0.19
0.11
0.25
0.65
0.22
1.66
0.22
0.22
0.13
0.67
0.20
1.48
0.51
0.32
0.34
1.20
0.04
1.18
0.20
0.62
0.70
1.41
0.37
1.48
1.90
0.45
0.37
1.31
0.56
1.56
0.60
0.45
0.40
1.27
0.46
1.71
0.44
0.37
0.32
1.20
0.36
1.61
0.41
0.34
0.34
1.17
0.89
2.16
0.57
0.58
0.44
1.79
1.05
2.10
0.51
0.32
0.30
1.78
0.57
2.97
1.30
0.42
0.35
1.47
0.61
1.32
0.38
0.30
0.27
2.78
1.43
1.97
0.61
0.44
0.52
1.96
0.71
1.87
0.61
0.59
0.44
3.54
0.99
1.82
0.75
0.48
0.47
1.77
0.52
0.89
0.60
0.65
0.53
2.29
2.45
1.36
0.57
0.74
0.53
2.21
0.98
1.68
0.71
0.57
0.59
1.81
1.07
1.70
0.46
0.42
0.31
2.01
0.25
1.16
0.34
0.44
0.51
1.73
0.96
0.20
0.30
6.89
5.35
0.81
1.41
0.28
0.11
0.19
1.13
0.36
1.14
0.22
0.13
0.19
0.81
0.19
0.91
0.02
0.02
0.48
0.47
0.21
1.07
0.06
0.04
0.03
0.47
0.29
1.01
0.19
0.23
0.20
1.37
0.77
1.34
0.54
0.47
0.48
1.96
0.60
0.78
0.12
0.26
0.36
1.47
0.69
1.59
0.57
0.33
0.40
1.60
1.52
1.90
0.60
0.57
0.48
2.37
1.56
2.08
0.68
0.61
0.49
1.66
0.81
1.39
0.52
0.50
0.48
2.08
1.14
2.51
0.67
0.77
0.68
2.02
1.01
2.26
0.73
0.67
0.88
2.30
0.97
2.18
1.04
0.83
0.46
2.43
0.78
1.89
0.50
0.65
0.49
2.48
1.23
2.23
0.86
0.92
0.79
2.22
1.39
2.60
0.98
0.78
0.96
4.15
2.33
2.73
0.99
0.74
0.68
1.23
0.35
1.25
1.30
1.28
1.04
2.49
1.24
1.98
0.90
0.74
0.69
2.13
1.23
1.64
0.79
0.55
0.61
1.84
1.02
2.04
0.70
4.57
7.63
7.07
10.57
7.07
5.92
1.34
1.00
3.26
2.46
1.01
0.69
7.27
5.24
1.07
1.82
0.53
0.40
0.28
1.27
0.98
1.48
0.55
0.38
0.30
1.66
0.46
1.18
0.27
0.12
0.03
1.08
0.24
1.13
0.23
0.16
0.11
1.20
0.85
1.24
0.52
0.27
0.26
1.91
0.89
1.35
0.57
0.48
0.41
1.16
0.15
0.88
0.27
0.37
0.34
1.45
0.95
1.88
0.54
0.35
0.55
1.34
1.24
1.76
0.77
0.56
0.56
2.17
1.05
1.74
0.87
0.98
0.44
1.92
0.88
1.76
0.78
0.56
0.40
1.56
1.11
1.64
0.71
0.46
0.41
2.44
1.40
1.74
2.59
0.58
0.47
2.11
1.27
1.96
0.95
0.70
0.55
2.33
0.51
1.62
2.00
0.75
0.77
2.38
0.58
1.08
1.06
0.39
0.53
1.58
1.50
1.70
0.91
0.53
0.42
1.47
0.59
1.86
0.82
0.56
0.43
1.09
0.19
1.46
0.69
0.45
0.30
1.15
0.92
2.06
0.54
0.31
0.43
1.50
0.85
1.92
0.45
0.39
0.27
1.51
0.77
1.88
0.38
0.45
0.35
1.07
0.08
1.32
0.60
0.31
0.16
1.00
0.56
0.61
0.23
6.60
3.09
0.75
1.92
0.40
0.52
0.26
1.22
0.57
1.51
0.34
0.18
0.16
0.88
0.23
1.16
0.31
0.05
0.51
0.63
0.33
1.54
0.23
0.17
0.10
0.70
0.43
1.43
0.32
0.22
0.13
1.17
0.24
1.34
0.44
0.33
0.18
0.79
0.28
1.30
0.16
0.36
0.51
1.41
0.27
1.54
0.45
0.39
0.29
1.27
0.62
1.82
0.37
0.36
0.32
2.00
0.95
1.73
0.42
0.34
0.29
1.44
0.85
1.76
0.57
0.40
0.39
1.58
1.12
2.24
1.10
0.95
0.59
1.72
0.95
3.26
0.69
0.44
0.48
1.75
1.04
2.00
0.81
0.73
0.57
2.00
0.63
1.46
0.54
0.41
0.53
1.38
0.51
1.88
0.69
0.38
0.39
1.73
0.98
1.82
0.59
0.46
0.37
3.95
1.08
2.43
0.71
0.55
0.45
1.79
0.33
1.29
0.76
0.46
0.42
1.68
0.91
1.98
3.22
0.51
0.33
1.63
0.75
1.71
0.47
0.38
0.26
1.70
0.88
1.92
0.51
0.21
2.62
1.77
0.08
1.57
0.48
0.33
0.18
1.27
0.51
0.51
0.23
6.46
3.12
0.69
1.70
0.41
0.24
0.28
1.37
0.42
1.65
0.35
0.47
0.19
0.97
0.31
1.78
0.60
0.07
0.01
0.54
0.27
1.73
0.24
0.14
0.21
1.19
0.24
1.50
0.44
0.27
0.24
1.32
0.45
1.70
0.54
0.46
0.41
1.41
0.10
1.46
0.11
0.10
0.31
1.61
0.78
2.22
0.68
0.56
0.30
1.63
0.92
2.24
0.51
0.41
0.33
1.81
1.28
2.38
0.70
0.63
0.85
1.59
0.76
2.87
0.95
0.62
0.42
2.01
0.87
2.00
0.98
0.57
0.53
1.73
1.17
2.20
0.81
0.58
0.44
1.62
0.89
2.37
0.73
0.68
2.84
2.62
2.32
2.00
0.97
0.79
0.73
2.27
1.48
2.96
1.08
0.62
0.61
2.04
1.60
2.95
0.96
0.49
1.22
1.95
1.45
2.70
0.90
0.46
0.32
1.62
1.34
2.19
0.89
0.65
0.43
2.17
0.89
2.31
3.23
0.64
0.67
2.17
1.56
2.68
0.63
0.69
0.39
1.89
3.64
2.61
0.78
0.52
0.40
1.20
0.31
1.50
0.47
0.30
0.35
1.40
0.80
0.65
0.67
7.08
4.33
1.17
2.23
0.64
0.31
0.40
2.44
1.13
2.15
0.53
0.35
0.30
1.81
0.93
1.91
0.52
0.20
0.03
1.34
1.28
2.56
0.51
0.29
0.24
1.75
0.96
2.20
0.72
0.53
0.40
2.00
0.37
1.71
0.61
0.67
0.50
1.64
0.32
1.33
0.36
0.25
0.28
1.41
0.45
1.89
0.43
0.11
0.05
1.42
0.40
1.48
0.36
0.15
0.12
1.06
0.40
1.75
0.64
0.21
0.13
1.21
0.56
1.74
0.48
0.26
0.20
1.53
0.51
1.60
0.61
0.13
0.10
0.95
0.40
1.64
0.43
0.14
0.11
1.23
0.68
1.73
0.38
0.16
0.11
1.37
0.43
1.69
0.42
0.12
0.17
1.17
0.56
1.57
0.48
0.22
0.13
1.30
0.49
1.67
0.58
0.24
0.11
1.33
0.51
1.58
0.45
0.21
0.13
1.26
0.22
1.18
0.40
0.27
0.10
1.16
0.61
1.68
0.60
0.26
0.12
1.45
0.61
1.74
0.54
0.22
0.05
1.34
0.40
1.59
0.44
0.18
0.05
1.43
0.24
1.19
0.33
0.22
0.07
1.14
0.37
0.41
0.26
5.66
2.42
0.45
1.70
0.38
0.23
0.09
1.19
0.47
1.82
0.34
0.14
0.05
1.11
0.37
1.47
0.35
0.12
0.50
0.64
0.33
1.45
0.33
0.49
0.07
1.04
0.35
1.51
0.37
0.20
0.08
1.19
0.34
1.56
0.42
0.19
0.07
1.10
0.16
1.41
0.25
0.30
0.10
1.40
0.75
1.59
0.52
0.22
0.12
1.49
0.92
1.65
0.46
0.23
0.10
1.33
0.51
1.58
0.37
0.23
0.09
1.35
0.67
1.62
0.33
0.27
0.10
1.07
0.57
1.65
0.47
0.41
0.16
1.38
0.57
1.57
0.51
0.20
0.19
1.54
0.57
1.57
0.54
0.26
0.17
1.80
0.55
1.40
0.37
0.16
0.16
1.53
1.00
1.80
0.60
0.39
0.21
1.81
1.03
1.47
0.60
0.29
0.12
1.86
0.94
1.18
0.68
0.28
0.24
1.38
0.45
1.26
0.40
0.27
0.13
1.90
0.88
1.27
0.73
0.34
0.46
1.50
1.16
1.35
0.57
0.29
0.12
1.74
1.05
1.35
0.66
0.35
0.20
1.61
0.43
0.96
0.59
1.37
1.47
3.10
2.10
1.46
1.23
8.08
7.29
1.82
2.59
1.63
1.09
0.87
1.96
1.73
2.31
1.42
0.90
0.88
2.55
2.07
2.22
1.23
0.14
0.04
3.56
2.83
3.39
2.43
1.52
1.05
4.42
2.93
3.11
2.22
1.36
0.98
2.51
2.46
2.61
1.56
1.11
0.88
3.14
0.67
1.00
1.78
1.58
1.33
3.59
2.73
3.14
2.30
1.56
1.26
5.11
3.92
3.52
2.99
1.36
1.82
5.18
2.91
3.46
2.38
1.53
1.62
4.64
3.09
3.53
1.87
0.71
0.49
6.09
3.94
5.27
3.38
2.16
1.94
5.06
3.11
4.23
5.28
2.63
3.37
7.07
5.67
6.06
3.13
1.88
1.83
8.51
3.19
3.68
2.28
2.34
2.86
7.49
5.47
4.88
3.71
2.20
1.96
6.29
5.26
5.03
3.00
2.04
2.49
6.89
4.13
4.93
2.99
1.94
1.49
4.14
2.06
3.05
2.67
1.32
1.36
3.87
2.53
3.28
2.72
1.27
1.25
5.68
2.88
3.17
2.58
1.37
1.28
4.64
3.12
3.20
2.35
1.40
1.23
3.67
0.60
1.07
1.25
1.79
1.22
3.81
2.60
1.80
0.90
7.77
4.50
1.86
2.14
1.90
1.26
0.88
2.87
1.99
2.27
2.01
1.13
1.19
3.36
1.98
1.74
1.14
0.15
0.69
1.97
2.14
2.50
1.85
0.98
0.90
2.81
1.83
2.02
1.79
1.05
0.82
3.16
2.06
2.81
1.90
0.98
0.94
2.81
0.72
0.91
1.48
1.68
1.45
3.65
2.42
2.92
2.28
2.95
2.92
4.63
3.83
3.41
4.66
1.68
1.66
4.97
2.86
3.08
5.02
2.23
2.25
3.68
2.91
2.11
2.45
1.77
1.75
4.22
2.76
2.90
3.69
2.51
1.52
5.36
3.20
3.67
3.03
1.80
1.78
3.04
0.53
1.40
0.20
0.01
0.01
0.08
0.01
