0.78
0.68
1.24
1.09
0.92
0.94
0.82
0.81
0.75
0.72
0.71
0.75
0.68
0.68
0.66
0.69
0.67
0.72
0.66
0.69
0.64
0.63
0.62
0.67
0.71
0.66
0.68
0.67
0.65
0.75
0.69
0.67
0.72
0.68
0.66
0.75
0.74
0.69
0.72
0.70
0.65
0.70
0.66
0.68
0.69
0.68
0.71
0.73
0.70
0.69
0.68
0.66
0.71
0.71
0.67
0.70
0.69
0.70
0.76
0.80
0.76
0.75
0.73
0.67
0.67
0.73
0.72
0.72
0.72
0.69
0.66
0.73
0.72
0.78
0.74
0.73
0.74
0.77
0.76
0.75
0.73
0.76
0.70
0.74
0.70
0.76
0.75
0.77
0.77
0.79
0.69
0.76
0.77
0.86
0.86
0.90
0.86
0.89
0.82
0.81
0.77
0.92
0.94
1.06
1.11
1.05
0.95
0.95
0.92
0.96
0.92
0.84
0.77
0.87
0.82
0.97
0.93
0.99
0.97
1.09
0.88
0.89
0.95
0.99
1.01
1.08
0.88
0.88
0.85
0.92
0.90
0.94
0.92
0.90
0.91
0.86
0.77
0.88
0.81
0.96
0.89
0.88
0.82
0.84
0.81
1.39
1.21
1.00
1.05
1.04
1.16
0.96
0.87
0.92
1.00
0.87
0.86
0.83
0.88
0.94
1.03
0.87
0.82
0.70
0.67
0.71
0.85
0.86
0.90
0.84
0.87
0.84
0.94
0.87
0.96
0.87
0.89
0.88
0.99
0.88
0.83
0.85
0.88
0.82
0.88
0.75
0.82
0.82
0.93
0.94
1.02
0.95
0.93
0.89
0.86
0.90
1.06
1.06
1.05
1.03
1.18
1.19
1.39
1.48
1.32
1.27
1.22
1.09
1.17
0.99
1.03
0.89
0.92
0.90
0.99
0.87
0.90
0.83
0.85
0.78
0.87
0.83
0.84
0.82
0.88
0.84
1.00
0.97
0.92
0.81
0.84
0.78
0.90
0.80
0.76
0.76
0.81
0.79
1.01
0.91
0.85
0.86
0.89
0.86
0.97
0.90
0.88
0.87
0.80
0.96
1.03
0.89
0.87
0.85
0.76
0.73
0.88
0.83
0.82
0.79
0.85
0.89
1.02
1.41
1.32
1.00
1.00
0.96
1.01
0.92
1.02
0.98
0.94
0.87
0.98
0.89
0.95
0.85
0.90
0.82
0.98
0.85
0.87
0.87
0.93
0.87
0.97
0.81
1.29
1.18
0.99
1.03
0.98
1.00
0.87
0.92
0.90
0.90
0.84
0.76
0.74
0.79
0.76
0.90
0.80
0.72
0.68
0.76
0.78
0.90
0.81
0.79
0.79
0.77
0.73
0.78
0.74
0.73
0.79
0.79
0.77
0.85
0.86
0.90
0.80
0.79
0.68
0.79
0.77
0.84
0.86
0.91
0.84
0.97
0.94
0.86
0.80
0.82
0.79
0.88
0.84
0.92
1.04
1.01
1.07
1.19
1.10
1.02
1.03
1.08
1.00
1.07
1.00
0.94
0.94
0.95
0.92
1.12
1.10
1.26
1.21
1.16
1.26
1.49
1.24
1.03
0.98
1.01
0.97
1.48
1.39
1.20
1.19
1.10
0.95
0.88
0.86
0.85
0.78
0.76
0.71
0.89
0.96
0.84
0.83
0.85
0.77
0.87
0.87
0.85
0.97
0.94
0.93
1.02
1.02
0.87
0.87
0.79
0.71
0.83
0.87
0.85
0.86
0.95
0.81
0.97
0.89
0.88
0.86
0.87
0.89
1.02
0.89
0.87
0.81
0.90
0.89
1.04
1.01
0.94
0.87
0.85
0.80
0.90
0.82
0.88
0.97
0.89
0.80
0.87
0.81
1.25
1.12
1.00
1.22
1.00
0.94
0.93
0.93
0.90
1.00
0.93
0.91
0.81
0.86
0.82
0.97
0.81
0.74
0.71
0.78
0.78
0.92
0.83
0.85
0.79
0.85
0.88
1.05
0.89
0.84
0.85
0.88
0.98
1.27
1.01
0.94
0.90
0.83
0.76
0.90
0.83
0.82
0.84
0.85
0.89
1.25
1.09
0.97
0.95
0.92
0.88
0.99
0.97
0.94
1.10
1.03
0.95
1.07
0.93
0.91
0.93
1.03
0.95
1.03
0.93
0.89
0.91
0.88
0.96
1.10
0.97
0.91
0.92
1.07
1.02
1.11
0.99
0.97
0.86
0.93
1.02
1.17
1.11
0.95
0.94
0.96
0.87
0.98
0.94
0.90
0.97
0.95
0.85
1.11
1.02
1.02
1.06
1.12
0.94
1.14
0.94
0.86
0.84
0.89
0.86
1.00
0.86
0.89
0.86
0.77
0.80
0.93
0.85
0.83
0.94
1.12
1.07
1.14
1.06
1.02
0.92
0.86
0.87
1.03
0.96
0.89
0.93
0.97
0.92
1.12
0.98
0.87
0.82
0.77
0.70
0.88
0.81
0.80
1.07
0.95
0.85
0.92
0.83
1.35
1.17
0.96
1.10
1.22
1.02
0.88
0.88
0.86
1.01
0.98
0.94
0.92
0.97
0.92
1.02
0.88
0.80
0.76
0.78
0.76
0.93
0.87
0.86
0.85
0.88
0.85
0.95
0.94
0.84
0.99
1.07
1.01
1.06
0.91
0.88
0.93
0.87
0.83
0.92
0.82
0.84
0.90
0.89
0.92
1.07
1.03
0.99
0.94
1.02
0.95
1.01
0.98
0.88
0.87
0.94
0.94
1.17
1.05
0.98
0.99
0.99
1.02
1.13
1.14
1.00
0.98
1.02
0.98
1.10
1.05
0.99
0.94
1.25
1.33
1.34
1.13
1.04
1.05
1.02
0.98
1.12
1.14
0.98
0.91
0.93
0.85
0.94
0.83
0.82
0.79
0.86
0.91
1.00
1.02
0.90
0.86
0.84
0.85
1.06
1.00
1.16
1.07
0.97
1.06
1.28
1.04
0.97
0.97
0.94
0.86
1.06
0.90
0.83
0.82
0.92
0.92
1.13
1.02
0.94
0.86
0.94
1.01
1.00
1.00
1.01
0.96
1.09
1.04
1.12
1.00
1.02
0.94
0.94
0.85
0.94
0.81
0.78
0.77
0.82
0.75
0.78
0.78
1.25
1.07
0.98
1.04
0.88
0.77
0.72
0.71
0.69
0.79
0.75
0.76
0.68
0.74
0.67
0.79
0.72
0.73
0.68
0.71
0.71
0.80
0.77
0.71
0.69
0.73
0.73
0.77
0.76
0.78
0.72
0.68
0.66
0.74
0.76
0.72
0.75
0.76
0.71
0.76
0.69
0.72
0.76
0.81
0.77
0.87
0.88
0.89
0.89
0.89
0.85
0.99
0.92
0.86
0.85
0.91
0.81
0.99
0.91
0.80
0.83
0.96
0.93
1.05
0.93
0.92
0.85
0.83
0.80
0.88
0.80
0.85
0.93
0.99
0.95
1.03
0.94
0.86
0.83
0.88
0.85
0.93
0.94
0.88
0.85
0.88
0.95
0.99
0.85
0.86
0.75
0.75
0.72
0.81
0.72
0.70
0.71
0.77
0.72
0.75
0.74
0.76
0.77
0.76
0.73
0.77
0.75
0.79
0.70
0.73
0.73
0.82
0.76
0.71
0.71
0.69
0.68
0.73
0.69
0.70
0.67
0.67
0.68
0.77
0.72
0.68
0.69
0.68
0.76
0.79
0.69
0.72
0.69
0.68
0.69
0.78
0.72
0.71
0.67
0.68
0.66
0.72
0.73
1.22
1.09
0.96
0.97
0.83
0.81
0.74
0.75
0.68
0.70
0.66
0.63
0.67
0.63
0.65
0.72
0.66
0.68
0.67
0.67
0.64
0.74
0.68
0.67
0.70
0.70
0.63
0.77
0.72
0.70
0.66
0.71
0.67
0.74
0.69
0.69
0.63
0.64
0.68
0.78
0.70
0.69
0.69
0.71
0.69
0.80
0.76
0.73
0.69
0.70
0.69
0.83
0.77
0.68
0.71
0.69
0.65
0.73
0.68
0.68
0.67
0.67
0.69
0.73
0.68
0.60
0.60
0.61
0.65
0.74
0.70
0.64
0.69
0.68
0.70
0.68
0.70
0.65
0.69
0.75
0.70
0.71
0.65
0.66
0.67
0.68
0.68
0.73
0.66
0.61
0.66
0.68
0.71
0.77
0.72
0.70
0.68
0.66
0.66
0.70
0.69
0.70
0.68
0.68
0.68
0.73
0.74
0.74
0.70
0.66
0.71
0.78
0.77
0.68
0.76
0.76
0.76
0.77
0.70
0.67
0.68
0.71
0.69
0.78
0.72
0.68
0.69
0.73
0.73
0.73
0.69
0.68
0.70
0.68
0.67
0.72
0.64
0.67
0.68
0.70
0.79
0.82
0.84
1.43
1.28
1.18
1.07
0.96
0.92
0.85
0.92
0.88
1.05
0.95
0.90
0.85
0.88
0.97
0.96
0.79
0.72
0.72
0.85
1.07
1.18
1.03
0.93
0.84
0.89
0.99
1.02
0.98
0.95
0.87
0.95
0.91
0.91
0.76
0.80
0.78
0.82
0.83
0.89
0.78
0.85
0.85
0.96
0.98
1.08
1.06
0.95
0.89
0.90
1.01
1.15
1.30
1.34
1.38
1.23
1.04
1.08
1.03
1.00
1.02
0.88
1.05
1.05
0.99
1.07
1.00
0.88
0.70
0.79
0.83
0.91
0.86
0.90
0.89
1.06
0.95
0.91
1.02
1.04
1.23
1.20
1.51
1.41
1.21
1.02
0.90
0.91
0.83
0.80
0.84
0.86
0.83
1.06
0.93
0.87
0.89
0.90
0.83
0.92
0.84
0.98
0.95
0.97
0.91
0.96
0.88
0.87
0.92
0.84
0.77
0.87
0.85
0.95
0.93
0.89
0.85
0.91
0.85
0.91
0.93
0.91
0.87
0.97
0.96
1.11
1.00
1.03
0.99
1.05
0.96
0.97
1.04
0.94
0.83
0.88
0.80
0.79
0.80
0.99
0.90
0.82
0.84
1.20
1.10
0.92
0.99
0.92
0.89
0.86
0.83
0.79
0.89
0.80
0.82
0.84
0.86
0.87
0.93
0.76
0.70
0.68
0.77
0.77
0.89
0.89
0.84
0.84
0.83
0.78
0.88
0.84
0.77
0.76
0.83
0.82
0.90
0.81
0.76
0.77
0.78
0.74
0.81
0.78
0.77
1.02
1.26
1.30
1.29
1.01
0.89
0.87
0.92
0.89
0.98
1.05
0.95
0.86
0.86
0.80
1.22
1.10
0.97
0.87
0.84
0.85
1.13
0.94
0.86
0.84
0.85
1.00
1.15
1.00
0.96
0.87
1.01
1.03
1.03
0.93
0.93
1.12
0.98
0.93
0.96
0.95
0.94
1.00
0.91
0.91
0.92
0.84
0.86
0.83
0.95
0.90
0.93
0.93
0.77
0.76
0.83
0.79
0.97
0.94
0.99
0.94
0.89
0.87
0.98
1.03
0.94
0.91
0.87
0.77
0.88
0.75
0.80
0.80
0.83
0.79
0.87
0.78
0.82
0.84
0.82
0.75
0.88
0.90
0.81
0.87
0.93
0.83
0.95
0.93
0.83
0.87
0.82
0.79
0.81
0.75
0.76
0.73
0.89
0.87
0.90
0.84
1.31
1.17
1.02
1.05
1.03
0.94
0.83
0.89
0.78
0.86
0.83
0.76
0.79
0.89
0.82
0.91
0.81
0.69
0.67
0.73
0.70
0.91
0.94
0.89
0.94
1.18
1.10
1.10
0.98
0.89
0.84
0.85
0.89
1.04
0.98
0.95
0.93
1.00
0.98
1.01
1.03
0.95
0.86
1.06
0.97
1.10
1.15
1.10
1.00
0.96
0.95
0.95
1.05
1.31
1.32
1.43
1.26
1.33
1.22
1.11
1.07
1.15
1.08
1.16
1.04
1.00
0.95
0.98
0.98
1.07
1.10
1.04
1.06
1.20
1.18
1.10
1.09
0.95
0.82
1.17
1.02
1.02
0.98
0.96
0.89
0.95
0.89
0.94
0.98
1.10
1.05
0.99
0.96
1.00
1.00
0.95
0.85
1.00
0.99
1.05
1.00
0.95
0.93
0.88
0.86
0.93
0.97
0.92
0.85
0.83
0.80
0.86
0.85
0.91
0.86
0.98
1.01
1.04
1.07
0.98
0.86
0.96
0.89
0.88
0.90
0.97
0.92
0.91
0.93
1.05
0.98
0.97
0.90
0.90
0.78
0.88
0.84
0.90
0.87
0.93
0.96
0.91
0.97
1.34
1.35
1.37
1.22
1.06
1.12
1.00
1.04
1.04
1.18
1.01
0.92
0.91
0.95
0.96
1.15
1.04
1.00
0.85
0.88
0.89
0.92
0.83
0.83
0.78
0.86
0.84
0.87
0.84
0.91
1.05
0.95
0.92
0.97
0.94
0.93
0.83
0.84
0.93
0.94
0.84
0.90
0.87
0.99
1.02
1.10
1.07
1.01
1.10
1.12
1.06
1.16
1.02
0.98
1.05
1.02
1.08
1.08
1.00
0.97
0.89
0.93
0.93
1.08
0.99
1.07
0.95
0.99
1.03
1.17
1.09
1.25
1.16
1.09
1.08
1.13
1.05
1.05
1.15
1.11
1.04
1.02
1.00
1.03
0.97
1.14
1.06
1.00
1.30
1.12
1.05
1.03
1.03
1.12
1.10
1.06
1.08
1.02
1.04
1.14
1.06
1.04
1.04
1.02
1.12
1.05
1.03
0.99
0.97
0.97
0.95
1.06
1.01
1.14
1.22
1.12
1.03
1.10
1.02
0.99
1.10
1.01
0.91
0.99
1.07
1.03
0.94
1.01
1.10
1.04
1.05
1.12
1.01
1.12
1.02
1.00
0.98
0.91
0.95
0.97
1.23
1.03
1.00
1.45
1.29
1.13
1.06
0.98
1.14
0.99
0.93
0.90
0.99
0.89
0.87
0.84
0.90
0.96
0.97
0.85
0.84
0.77
0.86
0.86
0.95
0.88
0.94
0.85
0.92
0.96
0.97
0.97
0.88
0.84
0.82
0.87
0.96
0.89
0.98
0.85
0.87
0.90
0.88
0.76
0.84
0.75
0.83
0.85
0.96
0.99
0.98
0.88
1.03
1.19
1.45
1.23
1.12
1.04
1.05
1.05
1.01
0.94
1.01
1.00
1.00
1.02
1.03
0.97
0.87
0.77
0.96
1.02
1.08
0.97
1.18
1.03
1.16
1.12
1.26
1.23
1.33
1.27
1.18
1.13
1.27
1.25
1.23
1.19
1.17
1.02
0.97
0.90
0.98
0.91
0.95
1.05
1.22
1.09
1.01
0.93
1.15
1.04
1.12
1.12
1.02
0.91
0.90
0.99
1.02
1.05
1.02
0.93
0.91
0.93
0.97
1.00
1.03
1.19
1.15
1.08
1.10
1.05
1.09
0.99
1.00
1.03
1.04
1.07
1.05
0.91
0.99
1.09
1.13
1.05
1.04
1.00
1.08
1.01
0.98
0.95
1.08
1.09
1.04
1.04
1.08
1.06
1.34
1.16
1.23
1.18
1.11
1.05
0.94
1.07
1.12
1.15
1.01
0.94
0.90
0.96
0.95
1.01
0.91
0.90
0.77
0.96
1.03
1.14
1.00
1.01
0.95
0.95
0.98
1.04
1.05
1.13
1.01
1.05
0.92
1.01
0.98
0.94
0.87
0.97
0.93
0.92
0.92
1.21
1.14
1.10
1.12
1.19
1.12
1.00
0.97
1.15
1.32
1.35
1.32
1.12
0.95
0.96
1.09
1.19
1.06
1.00
1.00
1.01
0.91
0.89
0.80
0.90
0.83
0.96
1.06
1.10
1.10
1.16
1.06
1.31
1.22
1.23
1.17
1.18
1.05
1.04
1.06
1.12
1.12
1.21
1.04
1.08
0.95
0.95
0.89
0.87
0.84
0.87
0.90
0.94
0.92
0.98
0.87
0.94
0.94
0.91
0.89
0.86
0.76
0.88
0.95
0.97
0.95
0.98
0.86
0.91
0.93
0.95
0.93
0.98
0.86
0.91
0.95
0.97
0.92
0.93
0.82
0.95
0.94
0.98
0.95
0.93
0.84
0.90
0.92
0.91
0.88
0.92
0.77
0.86
0.88
0.93
0.87
0.91
0.80
0.89
0.98
0.90
0.93
1.32
1.16
1.08
1.03
0.98
0.95
0.86
0.87
0.93
0.93
0.93
0.90
0.86
0.92
0.95
0.90
0.85
0.90
0.77
0.82
0.83
0.88
0.85
0.85
0.78
0.85
0.87
0.91
0.88
0.82
0.80
0.89
0.87
1.02
0.93
0.91
0.89
0.90
0.92
0.89
0.85
0.86
0.87
0.82
0.91
0.97
1.00
0.97
0.94
0.93
0.91
0.88
0.84
0.91
0.83
0.93
0.97
1.09
1.12
1.11
0.96
1.00
1.21
1.19
1.10
1.10
1.05
1.20
1.14
1.10
0.98
0.91
0.86
0.96
1.02
1.05
1.02
1.11
0.98
1.12
1.13
1.14
1.12
1.13
1.06
1.05
1.03
0.98
1.09
1.07
0.98
1.13
1.11
1.04
0.96
0.95
0.82
0.91
0.96
0.93
0.92
0.89
0.85
0.92
0.96
0.90
0.85
0.93
0.86
0.92
0.92
0.96
0.93
0.96
0.89
0.95
0.96
0.99
0.91
0.92
0.87
0.94
0.97
1.04
0.90
0.94
0.83
0.89
0.96
0.97
0.93
1.02
0.92
0.98
0.97
0.94
0.93
1.01
0.92
0.99
1.08
1.26
1.14
1.60
1.47
1.32
1.24
1.18
1.14
1.06
1.25
1.19
1.20
1.16
1.18
1.09
1.12
1.18
1.15
1.02
0.99
0.85
0.93
1.27
1.23
1.15
1.12
1.00
1.03
1.12
1.17
1.16
1.17
1.11
1.14
1.21
1.17
1.13
1.15
1.03
1.14
1.02
0.93
0.95
1.01
0.96
1.06
1.18
1.23
1.13
1.24
1.05
1.09
1.13
1.21
1.34
1.30
1.08
1.06
1.05
1.07
1.08
1.21
1.13
1.22
1.18
1.14
0.99
0.99
0.97
1.08
1.26
1.24
1.19
1.18
1.12
1.28
1.19
1.19
1.19
1.22
1.12
1.13
1.17
1.11
1.09
1.22
1.11
1.22
1.14
1.12
0.97
1.06
1.02
1.05
1.08
1.27
1.18
1.16
1.07
1.13
1.16
1.19
1.21
1.26
1.12
1.13
1.19
1.18
1.20
1.21
1.12
1.06
1.06
1.05
0.99
1.03
0.97
1.04
1.04
1.04
1.15
1.20
1.14
1.15
1.12
1.15
1.17
1.24
1.09
1.11
1.15
1.10
1.11
1.18
1.06
1.04
1.02
1.07
1.03
1.05
0.98
1.03
1.07
1.12
1.23
1.76
1.55
1.45
1.41
1.52
1.39
1.18
1.14
1.18
1.12
1.12
1.06
0.94
1.22
1.11
1.08
1.11
1.06
0.88
0.90
0.84
1.03
0.96
1.01
0.86
0.84
0.86
1.05
0.96
0.92
0.94
0.93
0.87
1.01
0.86
0.81
0.79
0.82
0.78
0.89
0.79
0.83
0.85
0.89
0.86
0.97
0.90
0.87
0.86
1.05
1.14
1.22
1.18
1.05
1.00
1.03
1.00
1.43
1.49
1.48
1.28
1.06
0.96
1.13
1.11
1.86
2.08
2.09
2.12
2.27
2.17
2.24
1.63
1.38
1.15
1.17
1.04
1.17
1.25
1.15
1.07
1.14
1.16
1.06
1.05
1.04
0.89
0.87
0.81
0.84
0.89
0.90
0.86
0.98
0.94
0.95
0.97
1.03
0.98
1.17
1.07
0.92
0.88
1.12
0.99
1.05
0.87
0.94
0.96
0.91
0.80
0.90
0.86
0.82
0.83
0.82
0.87
1.05
0.94
0.88
0.87
0.90
0.94
1.12
1.03
1.14
1.12
1.06
1.02
1.05
0.99
0.90
0.86
0.86
0.85
0.92
0.85
0.83
0.78
0.89
0.84
0.88
0.91
1.51
1.26
0.95
0.96
0.86
0.77
0.82
0.76
0.68
0.90
0.99
0.84
0.80
0.73
0.70
0.78
0.68
0.62
0.63
0.68
0.69
0.80
0.74
0.74
0.80
0.74
0.74
0.87
0.75
0.75
0.80
0.81
0.81
0.90
0.79
0.77
0.72
0.77
0.74
0.82
0.77
0.90
1.00
0.98
0.84
0.96
0.86
0.83
0.92
0.94
0.87
0.91
0.85
0.85
1.02
0.96
0.93
1.06
0.92
0.84
0.93
0.92
0.88
1.38
1.76
1.53
1.36
1.21
1.05
1.68
2.00
2.04
2.12
2.09
1.57
1.34
1.09
1.01
0.93
0.96
0.92
1.07
1.19
1.18
1.02
1.02
0.94
1.00
0.96
0.85
0.80
0.85
0.77
0.90
0.84
0.82
0.76
0.87
1.03
1.03
0.94
0.85
0.86
1.06
0.98
1.12
1.04
4.35
2.78
1.88
1.45
1.23
1.05
1.02
0.99
1.04
0.93
1.02
0.90
0.99
0.97
1.05
0.95
1.07
0.94
0.83
0.80
0.91
0.87
0.94
0.86
0.86
0.82
0.90
0.81
0.93
0.86
0.74
0.71
0.75
0.78
0.83
0.77
1.27
1.15
0.99
1.05
0.88
0.84
0.78
0.83
0.79
0.88
0.82
0.84
0.79
0.82
0.77
0.86
0.81
0.77
0.74
0.77
0.76
0.78
0.92
0.86
0.73
0.80
0.76
0.93
0.86
0.81
0.73
1.00
0.98
0.99
0.91
0.85
0.80
0.73
0.66
0.84
0.75
0.70
0.77
0.87
0.84
0.96
0.90
0.85
0.82
0.82
1.04
1.28
1.14
1.23
1.25
1.33
1.44
1.83
1.97
1.70
1.67
1.68
1.49
1.70
1.54
1.43
1.32
1.43
1.36
1.41
1.32
1.35
1.32
1.69
1.45
1.54
1.44
1.35
1.34
1.22
1.07
1.21
1.19
1.45
1.23
1.22
1.12
1.13
0.95
0.98
0.93
1.06
1.01
1.18
1.05
1.04
1.06
1.03
1.02
1.16
1.11
1.05
0.96
1.02
1.08
1.15
1.12
1.03
0.95
0.99
1.16
1.11
1.07
1.03
0.91
1.11
1.10
1.11
1.09
1.01
1.02
1.01
0.97
1.07
1.06
0.95
0.90
0.94
0.92
1.06
1.02
0.98
0.96
0.98
0.85
0.94
0.86
1.03
1.05
1.03
1.02
1.08
1.00
1.47
1.43
1.27
1.27
1.14
1.02
0.90
0.95
0.96
1.08
1.04
0.98
0.95
1.04
1.04
1.07
0.92
0.94
0.85
0.93
0.90
1.02
0.95
0.99
0.91
0.99
0.96
1.11
1.03
1.03
1.00
1.01
0.96
1.09
0.98
1.01
0.92
0.94
0.86
0.97
0.89
0.89
1.02
0.99
1.00
1.28
1.11
1.18
1.08
1.14
1.16
1.25
1.11
1.02
0.95
1.16
1.05
1.14
1.02
1.06
1.02
1.12
1.09
1.16
1.05
1.34
1.11
1.10
0.96
1.16
1.02
1.01
1.00
0.99
1.10
1.18
1.09
1.10
0.97
1.11
1.06
1.16
1.08
1.19
1.06
1.00
0.96
0.95
0.87
0.86
0.77
0.85
0.87
1.06
0.96
1.05
0.97
1.03
0.96
1.07
0.97
0.93
0.87
0.95
1.00
1.11
1.02
0.99
0.96
1.00
0.94
1.03
1.03
1.03
0.98
1.06
0.99
1.35
1.13
1.06
1.11
1.22
1.11
1.21
1.14
1.16
1.05
1.17
1.13
1.12
1.11
1.07
0.98
1.06
0.92
0.96
0.91
1.00
0.91
0.95
1.00
1.02
1.05
1.49
1.37
1.14
1.26
1.12
1.07
0.95
1.08
1.10
1.17
1.11
1.01
1.13
1.20
1.07
1.08
0.94
0.86
0.82
0.94
1.00
1.07
1.06
1.10
1.11
1.18
1.17
1.18
1.07
0.97
0.87
0.98
1.00
1.02
1.01
1.02
0.93
0.99
0.91
0.97
0.92
0.96
0.94
1.07
1.15
1.23
1.13
1.18
1.07
1.12
1.14
1.14
1.06
1.04
0.99
1.12
1.12
1.20
1.03
1.10
0.96
0.97
1.40
1.38
1.07
0.96
0.83
1.02
1.04
1.25
1.10
1.03
1.01
1.15
1.15
1.18
1.05
1.05
1.02
1.09
1.08
1.21
1.20
1.08
0.98
1.01
0.91
0.94
0.94
0.95
0.86
0.93
0.91
0.95
0.88
0.87
0.86
0.92
0.89
0.93
0.89
0.88
0.86
0.93
0.86
0.91
0.87
0.83
0.73
0.84
0.85
0.95
0.86
0.84
0.77
0.84
0.81
0.91
0.85
0.85
0.82
0.87
0.90
0.93
0.90
0.82
0.77
0.86
0.86
0.97
0.85
0.93
0.84
0.86
0.80
0.87
0.81
0.85
0.76
0.81
0.85
0.83
0.80
1.21
1.17
1.10
1.07
0.97
0.93
0.82
0.91
0.87
0.88
0.86
0.80
0.75
0.87
0.82
0.86
0.79
0.82
0.81
0.86
0.88
0.87
0.79
0.80
0.77
0.82
0.82
0.91
0.84
0.82
0.75
0.86
0.84
0.91
0.86
0.89
0.80
0.90
0.89
0.91
0.84
0.83
0.80
0.90
0.88
0.97
0.86
0.90
0.93
1.03
1.12
1.24
1.21
1.14
1.04
1.04
1.02
1.14
1.21
1.18
1.03
1.03
1.08
1.10
1.09
1.11
1.02
1.08
1.16
1.17
1.07
1.03
0.93
1.07
1.13
1.15
1.10
1.11
1.04
1.10
1.27
1.26
1.11
1.14
1.03
1.04
1.07
1.03
1.03
1.06
1.05
1.12
1.04
1.00
0.93
0.90
0.83
0.87
0.79
0.88
0.87
0.84
0.76
0.85
0.90
0.90
0.84
0.83
0.84
0.83
0.89
0.91
0.91
0.96
0.88
0.89
0.92
0.92
0.89
0.87
0.85
0.84
0.86
0.91
0.86
0.85
0.76
0.89
0.86
0.93
0.95
0.95
0.81
0.94
0.90
0.93
0.90
0.94
0.93
1.09
1.07
1.09
1.03
1.55
1.45
1.28
1.26
1.14
1.05
0.97
0.95
0.96
1.09
1.10
1.24
1.09
1.08
1.06
1.01
0.93
1.01
0.92
0.98
1.02
1.09
1.02
1.23
1.07
1.04
1.02
1.12
1.00
0.99
0.93
0.96
1.02
1.03
1.01
1.06
1.04
1.02
0.95
0.94
0.83
0.99
0.99
1.05
1.11
1.35
1.22
1.14
1.23
1.14
1.23
1.18
1.09
1.10
1.20
1.18
1.12
1.16
1.14
1.10
1.08
1.11
1.21
1.18
1.14
1.04
0.98
1.18
1.32
1.36
1.24
1.17
1.09
1.32
1.18
1.12
1.10
1.04
0.96
1.17
1.31
1.37
1.26
1.31
1.20
1.22
1.14
1.05
0.97
1.03
0.94
1.40
1.31
1.28
1.11
1.21
1.08
1.15
1.17
1.19
1.12
1.11
0.96
1.22
1.20
1.20
1.08
1.33
1.09
1.08
1.08
1.06
1.08
1.14
1.05
1.18
1.23
1.19
1.11
1.14
1.05
1.23
1.16
1.20
1.17
1.16
1.02
1.14
1.07
1.17
1.10
1.29
1.10
1.17
1.06
1.04
0.97
1.01
0.87
1.00
1.10
1.02
1.06
1.58
1.55
1.36
1.33
1.19
1.14
0.97
1.12
1.13
1.34
1.16
1.11
0.94
1.05
1.02
0.99
0.91
0.95
0.90
0.94
0.91
1.05
1.02
1.02
0.93
1.03
0.99
1.03
1.06
1.10
1.05
1.11
1.12
1.15
1.09
1.07
0.98
1.08
0.97
0.92
0.83
0.94
0.91
1.06
1.16
1.21
1.10
1.04
1.03
1.18
1.21
1.21
1.13
1.19
1.11
1.20
1.27
1.43
1.40
1.30
1.15
1.35
1.24
1.15
1.04
1.06
1.04
1.09
1.13
1.22
1.12
1.23
1.04
1.11
1.23
1.31
1.26
1.35
1.15
1.27
1.20
1.38
1.31
1.35
1.13
1.33
1.23
1.38
1.13
1.09
1.03
1.20
1.35
1.47
1.25
1.35
1.23
1.39
1.31
1.29
1.35
1.29
1.49
1.86
1.74
1.95
1.80
1.72
1.39
1.16
1.10
1.09
1.18
1.23
1.12
1.26
1.30
1.29
1.23
1.30
1.11
1.15
1.27
1.23
1.29
1.23
1.08
1.16
1.09
1.16
1.20
1.64
1.72
1.77
2.23
1.97
1.65
1.44
1.26
1.36
1.50
1.31
1.51
1.72
1.64
1.43
1.35
1.16
1.10
1.00
1.26
1.23
1.16
1.17
1.17
0.99
1.08
1.12
1.11
1.02
1.04
0.89
1.04
1.15
1.17
1.10
1.09
0.95
1.03
1.08
1.09
1.12
0.99
0.86
1.19
1.23
1.18
1.11
1.10
0.94
1.13
1.04
0.99
0.99
1.09
1.03
1.10
1.16
1.26
1.20
1.20
1.09
1.33
1.45
1.41
1.28
1.27
1.05
1.14
1.34
1.33
1.24
1.38
1.17
1.27
1.23
1.22
1.20
1.13
1.00
1.11
1.39
1.41
1.43
1.29
1.14
1.30
1.30
1.36
1.32
1.33
1.10
1.44
1.36
1.59
1.38
1.45
1.19
1.46
1.31
1.13
1.12
1.20
1.07
1.33
1.36
1.33
1.58
1.56
1.21
1.24
1.36
1.39
1.29
1.25
1.07
1.38
1.30
1.28
1.25
1.42
1.18
1.13
1.13
1.13
1.20
1.26
1.01
1.15
1.26
1.45
1.29
1.16
0.96
1.07
1.21
1.19
1.07
1.13
0.95
1.09
1.12
1.08
1.07
1.30
1.05
1.07
1.11
1.03
1.03
1.01
0.94
1.01
1.09
1.10
1.10
1.45
1.48
1.29
1.25
1.20
1.25
1.03
1.10
1.18
1.21
1.17
1.16
0.97
1.05
1.10
1.10
1.10
1.09
0.91
1.01
1.08
1.11
1.24
1.11
1.02
1.08
1.14
1.15
1.08
1.12
0.90
1.01
1.05
1.08
1.02
1.09
0.95
1.08
1.10
1.04
0.95
1.03
0.99
1.10
1.12
1.18
1.13
1.20
1.03
1.20
1.31
1.44
1.42
1.67
1.40
1.60
1.55
1.36
1.30
1.21
1.08
1.18
1.18
1.13
1.15
1.16
1.21
1.30
1.31
1.55
1.63
1.48
1.14
1.32
1.24
1.37
1.50
1.45
1.34
1.21
1.18
1.26
1.78
1.91
1.81
1.53
1.32
1.20
1.11
1.08
1.01
1.16
1.17
1.19
1.26
1.30
1.37
1.52
1.40
1.47
1.27
1.35
1.01
1.38
1.42
1.46
1.37
1.28
1.48
1.60
1.41
1.20
1.23
1.21
1.09
1.29
1.27
1.23
1.48
1.62
1.31
1.27
1.26
1.21
1.25
1.32
1.07
1.32
1.14
1.21
1.20
1.12
1.06
1.20
1.06
1.32
1.31
1.24
0.98
1.04
1.01
1.23
1.17
1.55
1.52
1.30
1.21
1.28
1.17
0.94
1.06
1.12
1.15
1.14
1.13
1.05
1.15
1.11
1.00
1.05
1.11
0.89
0.96
1.00
1.02
1.02
1.15
1.00
1.03
1.03
1.04
1.04
1.03
0.87
1.12
1.23
1.16
1.14
1.14
0.97
1.06
1.04
1.02
0.95
1.02
0.88
1.09
1.34
1.48
1.38
1.41
1.12
1.19
1.24
1.20
1.14
1.18
0.98
1.11
1.21
1.26
1.36
1.35
1.19
1.24
1.55
1.47
1.35
1.26
0.98
1.14
1.18
1.17
1.21
1.15
1.09
1.17
1.20
1.20
1.30
1.34
1.20
1.27
1.27
1.24
1.21
1.50
1.33
1.49
1.61
1.46
1.26
1.29
1.17
1.30
1.34
1.40
1.29
1.30
1.07
1.26
1.23
1.31
1.30
1.39
1.67
1.50
1.45
1.48
1.43
1.28
1.07
1.14
1.22
1.39
1.30
1.24
1.00
1.24
1.33
1.22
1.35
1.44
1.17
1.34
1.41
1.32
1.20
1.24
1.08
1.23
1.33
1.24
1.27
1.20
1.05
1.10
1.08
1.09
1.08
1.12
1.01
1.14
1.27
1.28
1.30
1.65
1.60
1.46
1.38
1.30
1.31
1.17
1.39
1.30
1.23
1.15
1.09
0.96
1.07
1.16
1.21
1.14
1.20
0.93
1.08
1.20
1.24
1.18
1.08
0.90
1.01
1.11
1.25
1.22
1.20
1.00
1.11
1.16
1.08
1.10
1.10
0.94
1.09
1.02
1.03
1.00
1.07
0.88
1.01
1.02
1.10
1.12
1.07
0.90
1.00
1.05
1.03
1.06
1.03
0.87
0.98
1.11
1.18
1.15
1.11
0.85
1.10
1.11
1.24
1.20
1.14
0.90
0.93
1.00
1.01
1.09
1.10
0.93
0.98
1.06
1.08
1.08
1.03
0.88
0.97
1.08
1.10
1.15
1.12
0.96
1.03
1.04
1.02
1.03
1.06
0.89
1.02
1.09
1.06
1.08
1.05
0.89
0.99
1.08
1.11
1.11
1.08
0.90
0.98
1.08
1.04
1.03
1.09
0.94
1.01
1.05
1.01
0.98
1.07
0.92
0.96
1.09
1.05
1.10
1.07
0.89
0.98
1.13
1.05
1.10
1.13
0.95
1.03
1.04
1.03
1.04
1.09
0.89
0.98
1.05
0.99
1.00
1.06
0.87
1.00
1.12
1.08
1.05
1.38
1.33
1.21
1.11
1.14
1.12
0.85
0.95
0.99
1.00
1.11
1.10
0.90
1.00
1.02
1.01
1.07
1.17
0.97
1.02
1.11
1.06
1.14
1.24
0.95
1.02
1.07
1.03
1.05
1.13
0.93
1.05
1.08
1.06
1.12
1.11
0.87
1.00
1.07
1.04
1.09
1.09
0.88
0.98
1.13
1.05
1.12
1.11
0.92
0.97
1.08
1.09
1.12
1.13
0.92
1.06
1.04
1.03
1.08
1.12
0.94
1.02
1.15
1.15
1.13
1.12
0.88
0.96
1.01
1.04
1.05
1.14
0.92
1.02
1.12
1.06
1.08
1.13
0.93
1.01
1.11
1.07
1.09
1.10
0.98
1.07
1.12
1.03
1.05
1.09
0.87
1.05
1.15
1.11
1.10
1.21
1.10
1.18
1.24
1.17
1.21
1.20
0.94
1.06
1.18
1.14
1.15
1.15
0.93
1.00
1.06
1.00
1.03
1.13
0.93
1.05
1.15
1.12
1.13
1.15
0.95
1.07
1.12
1.04
1.04
1.08
0.89
1.07
1.12
1.09
1.15
1.15
0.91
1.01
1.02
1.01
1.08
1.32
1.16
1.33
1.42
1.35
1.40
1.73
1.92
1.74
1.66
1.56
1.55
1.21
1.26
1.46
1.38
1.40
1.33
1.13
1.29
1.52
1.36
1.28
1.32
1.01
1.32
1.43
1.43
1.50
1.53
1.20
1.49
1.53
1.47
1.46
1.48
1.23
1.33
1.44
1.46
1.56
1.62
1.41
1.51
1.44
1.29
1.31
1.46
1.28
1.44
1.65
1.79
1.64
1.53
1.51
1.77
1.93
1.71
1.66
1.59
1.37
1.55
1.70
1.86
2.29
1.90
1.69
1.81
1.92
1.89
1.76
1.53
1.19
1.63
1.85
1.92
2.20
2.14
1.69
1.79
1.64
1.74
2.09
2.12
1.82
1.80
1.76
1.99
1.84
1.44
1.27
1.90
1.60
1.74
1.41
1.42
1.44
1.70
1.66
1.67
1.67
1.54
1.29
1.53
1.57
1.75
1.81
1.67
1.35
1.57
1.47
1.49
1.37
1.46
1.18
1.22
1.22
1.35
1.31
1.29
1.05
1.17
1.31
1.37
1.29
1.23
1.14
1.38
1.41
1.46
1.47
1.48
1.25
1.39
1.44
1.46
1.46
1.33
1.14
1.18
1.09
1.02
1.02
1.16
1.04
1.23
1.28
1.33
1.24
1.62
1.51
1.44
1.35
1.46
1.21
1.01
1.20
1.24
1.24
1.29
1.28
1.14
1.21
1.21
1.20
1.11
1.04
0.89
0.94
0.96
1.07
1.04
1.19
1.01
1.34
1.24
1.38
1.28
1.22
0.99
1.12
1.19
1.15
1.19
1.15
1.03
1.09
1.06
0.98
1.03
1.18
1.10
1.26
1.50
1.56
1.45
1.43
1.36
1.41
1.60
1.53
1.59
1.41
1.21
1.58
1.70
1.59
1.78
1.54
1.52
1.46
1.38
1.12
1.16
1.24
1.09
1.29
1.65
1.47
1.62
1.46
1.43
1.60
1.56
1.68
1.64
1.59
1.46
1.62
1.33
1.23
1.02
1.00
0.97
0.93
0.85
0.87
