0.81
0.62
1.66
0.97
0.73
1.05
0.70
0.76
0.65
0.66
0.73
0.83
0.65
0.68
0.62
0.71
0.65
0.78
0.60
0.70
0.56
0.58
0.60
0.67
0.76
0.60
0.70
0.64
0.61
0.85
0.69
0.63
0.76
0.68
0.61
0.83
0.72
0.67
0.75
0.69
0.60
0.80
0.66
0.71
0.71
0.67
0.74
0.80
0.73
0.70
0.68
0.61
0.77
0.76
0.65
0.74
0.68
0.72
0.84
0.88
0.72
0.73
0.68
0.59
0.63
0.79
0.70
0.69
0.68
0.68
0.60
0.81
0.77
0.93
0.72
0.71
0.80
0.89
0.75
0.70
0.73
0.78
0.68
0.81
0.67
0.84
0.71
0.78
0.77
0.80
0.63
0.86
0.78
0.99
0.88
0.97
0.84
0.92
0.77
0.76
0.70
1.13
0.99
1.24
1.10
1.00
0.87
1.03
0.90
1.02
0.91
0.76
0.72
1.02
0.84
1.23
0.85
1.04
1.00
1.29
0.72
0.93
1.04
1.05
1.10
1.27
0.77
0.91
0.85
0.95
0.90
1.04
0.92
0.93
0.97
0.83
0.71
1.08
0.76
1.13
0.80
0.84
0.74
0.82
0.85
1.81
1.05
0.80
1.16
1.10
1.16
0.78
0.75
0.96
1.14
0.76
0.87
0.81
0.90
1.10
1.22
0.77
0.86
0.65
0.63
0.75
1.04
0.91
1.00
0.82
0.89
0.80
1.05
0.84
1.05
0.85
0.91
0.85
1.18
0.78
0.82
0.86
0.89
0.75
1.02
0.68
0.91
0.77
1.06
0.92
1.16
0.90
0.94
0.87
0.83
0.94
1.37
1.02
1.06
1.09
1.35
1.25
1.62
1.68
1.18
1.23
1.03
0.98
1.28
0.84
1.04
0.79
0.92
0.94
1.17
0.76
0.97
0.78
0.83
0.76
1.00
0.80
0.88
0.83
0.92
0.81
1.28
1.01
0.93
0.69
0.81
0.74
1.09
0.75
0.69
0.74
0.85
0.78
1.28
0.87
0.80
0.83
0.91
0.85
1.16
0.83
0.90
0.88
0.72
1.07
1.18
0.82
0.86
0.81
0.70
0.71
1.12
0.85
0.81
0.77
0.90
0.96
1.26
1.91
1.16
0.68
0.99
0.95
1.15
0.85
1.13
0.97
0.89
0.84
1.16
0.81
0.96
0.72
0.91
0.76
1.22
0.76
0.89
0.85
0.95
0.77
0.97
0.64
1.66
1.05
0.86
1.14
0.90
1.00
0.74
0.91
0.82
0.97
0.78
0.64
0.68
0.82
0.73
1.11
0.75
0.63
0.62
0.82
0.79
1.12
0.74
0.80
0.82
0.75
0.69
0.87
0.70
0.67
0.81
0.82
0.78
1.01
0.84
0.97
0.73
0.71
0.58
0.95
0.79
0.90
0.86
0.93
0.75
1.15
0.89
0.77
0.70
0.81
0.81
1.02
0.82
0.95
1.11
0.94
1.23
1.34
1.08
0.97
1.00
1.14
0.93
1.17
1.00
0.85
0.89
0.97
0.89
1.46
1.13
1.51
1.08
1.12
1.40
1.87
1.01
0.85
0.94
1.00
0.89
2.02
1.33
1.02
1.24
0.93
0.76
0.87
0.81
0.82
0.72
0.71
0.67
1.12
1.05
0.76
0.78
0.86
0.72
1.04
0.91
0.86
1.11
0.91
0.97
1.19
0.97
0.74
0.83
0.72
0.65
1.03
0.97
0.83
0.86
1.03
0.68
1.21
0.85
0.88
0.81
0.88
0.92
1.28
0.83
0.90
0.76
1.02
0.91
1.32
1.05
0.89
0.78
0.80
0.73
1.07
0.77
0.96
0.92
0.81
0.70
0.88
0.73
1.58
0.96
0.90
1.35
0.81
0.86
0.87
0.93
0.89
1.19
0.88
0.82
0.73
0.88
0.74
1.18
0.68
0.64
0.68
0.87
0.82
1.09
0.74
0.93
0.80
0.88
0.93
1.28
0.78
0.77
0.83
0.93
1.07
1.54
0.81
0.83
0.88
0.74
0.64
1.10
0.79
0.84
0.80
0.80
0.92
1.75
1.01
0.86
0.91
0.87
0.89
1.19
1.01
0.97
1.16
0.95
0.90
1.26
0.79
0.91
0.99
1.13
0.89
1.17
0.85
0.80
0.86
0.85
0.98
1.31
0.85
0.82
1.01
1.19
1.01
1.23
0.91
0.97
0.80
0.99
1.08
1.32
0.99
0.82
0.89
0.99
0.79
1.16
0.92
0.86
1.04
0.86
0.73
1.47
0.92
1.00
1.10
1.23
0.77
1.40
0.79
0.77
0.85
0.90
0.85
1.21
0.79
0.90
0.83
0.67
0.83
1.13
0.73
0.81
0.95
1.43
1.02
1.33
1.07
0.96
0.80
0.77
0.88
1.27
0.92
0.79
0.99
0.95
0.86
1.38
0.87
0.77
0.73
0.70
0.62
1.13
0.73
0.83
1.30
0.87
0.72
0.89
0.74
1.79
1.00
0.75
1.25
1.36
0.86
0.74
0.88
0.84
1.19
0.95
0.91
0.89
1.00
0.86
1.19
0.77
0.74
0.72
0.80
0.74
1.13
0.83
0.85
0.84
0.90
0.83
1.08
0.94
0.70
1.14
1.07
0.95
1.20
0.80
0.85
0.95
0.83
0.79
1.10
0.77
0.88
0.89
0.84
0.94
1.25
1.03
0.83
0.86
1.03
0.87
1.09
1.03
0.83
0.87
0.93
0.98
1.46
0.99
0.89
1.06
1.04
1.12
1.30
1.23
0.84
0.96
1.07
0.95
1.29
1.04
1.01
0.91
1.65
1.39
1.47
0.96
0.93
1.07
0.97
0.91
1.32
1.17
0.78
0.79
0.88
0.80
1.11
0.74
0.75
0.80
0.90
1.00
1.22
1.08
0.81
0.82
0.79
0.83
1.36
0.94
1.30
1.07
0.87
1.18
1.46
0.87
0.89
0.97
0.91
0.77
1.25
0.79
0.73
0.77
0.95
0.88
1.41
0.92
0.84
0.74
0.97
1.01
1.07
0.96
1.06
0.96
1.20
1.04
1.25
0.91
0.96
0.86
0.93
0.80
1.08
0.74
0.76
0.75
0.84
0.71
0.68
0.79
1.64
0.93
0.89
1.16
0.75
0.66
0.63
0.70
0.70
0.95
0.73
0.74
0.59
0.75
0.63
0.90
0.69
0.70
0.68
0.76
0.75
0.95
0.77
0.64
0.69
0.78
0.67
0.88
0.75
0.80
0.64
0.66
0.61
0.84
0.76
0.68
0.79
0.77
0.66
0.82
0.65
0.76
0.82
0.85
0.76
0.98
0.92
0.94
0.87
0.86
0.83
1.15
0.87
0.81
0.81
0.94
0.73
1.17
0.86
0.71
0.77
1.09
0.95
1.24
0.87
0.85
0.79
0.77
0.81
1.04
0.75
0.88
1.04
1.03
0.91
1.18
0.88
0.76
0.77
0.95
0.79
1.05
0.93
0.79
0.82
0.88
1.07
1.12
0.75
0.84
0.66
0.72
0.74
0.93
0.67
0.73
0.74
0.86
0.68
0.81
0.74
0.75
0.75
0.73
0.69
0.80
0.72
0.84
0.65
0.79
0.74
0.90
0.72
0.67
0.72
0.71
0.69
0.79
0.68
0.72
0.65
0.64
0.70
0.91
0.67
0.66
0.70
0.68
0.79
0.83
0.64
0.79
0.66
0.67
0.70
0.84
0.69
0.71
0.63
0.70
0.64
0.69
0.77
1.64
0.97
0.84
1.02
0.71
0.76
0.65
0.70
0.63
0.74
0.63
0.62
0.68
0.58
0.63
0.78
0.60
0.67
0.64
0.64
0.66
0.84
0.68
0.64
0.74
0.70
0.57
0.88
0.72
0.63
0.63
0.75
0.66
0.85
0.67
0.70
0.55
0.60
0.69
0.95
0.64
0.69
0.71
0.67
0.67
0.96
0.76
0.67
0.67
0.71
0.72
0.97
0.74
0.61
0.75
0.64
0.58
0.77
0.66
0.66
0.63
0.65
0.70
0.79
0.63
0.55
0.61
0.62
0.68
0.82
0.65
0.58
0.70
0.69
0.74
0.67
0.75
0.62
0.74
0.85
0.69
0.75
0.58
0.62
0.64
0.68
0.67
0.82
0.61
0.60
0.71
0.71
0.77
0.83
0.66
0.71
0.69
0.63
0.64
0.77
0.72
0.72
0.68
0.68
0.70
0.81
0.83
0.73
0.68
0.62
0.77
0.89
0.75
0.60
0.86
0.76
0.77
0.78
0.66
0.64
0.66
0.73
0.71
0.89
0.65
0.66
0.70
0.75
0.82
0.79
0.65
0.67
0.70
0.66
0.66
0.77
0.56
0.65
0.70
0.70
0.88
0.72
0.84
1.97
1.16
1.15
1.07
0.85
0.94
0.79
0.98
0.88
1.29
0.92
0.83
0.81
0.89
1.08
1.05
0.63
0.63
0.73
0.99
1.38
1.33
0.90
0.81
0.76
0.86
1.15
1.15
0.91
0.93
0.78
0.97
0.92
0.97
0.65
0.84
0.80
0.79
0.89
1.10
0.75
1.00
0.93
1.03
1.05
1.24
1.07
0.88
0.79
0.89
1.13
1.37
1.37
1.29
1.37
1.06
0.87
1.23
0.92
1.00
1.07
0.80
1.41
1.07
0.89
1.11
0.93
0.72
0.59
0.87
0.88
1.03
0.81
0.94
0.88
1.18
0.88
0.90
1.03
1.04
1.39
1.27
1.79
1.31
1.00
0.79
0.77
0.95
0.81
0.80
0.83
0.85
0.76
1.22
0.84
0.80
0.93
0.91
0.77
1.01
0.76
1.04
0.94
0.95
0.82
1.04
0.84
0.88
0.89
0.74
0.68
1.04
0.85
0.96
0.92
0.83
0.76
0.99
0.78
0.98
0.97
0.89
0.81
1.09
0.98
1.22
0.92
1.04
0.96
1.19
0.92
1.00
1.04
0.85
0.75
0.99
0.75
0.79
0.85
1.04
0.84
0.76
0.82
1.49
0.97
0.79
1.04
0.84
0.85
0.81
0.78
0.75
1.04
0.74
0.80
0.81
0.86
0.90
1.02
0.64
0.61
0.67
0.80
0.80
1.04
0.93
0.78
0.79
0.77
0.72
1.05
0.80
0.69
0.72
0.81
0.84
1.05
0.75
0.71
0.75
0.71
0.70
0.95
0.79
0.77
1.27
1.49
1.42
1.35
0.80
0.81
0.86
0.87
0.81
1.11
1.21
0.87
0.72
0.79
0.69
1.74
1.05
0.90
0.78
0.77
0.83
1.50
0.84
0.79
0.77
0.83
1.19
1.34
0.89
0.91
0.79
1.08
1.00
1.12
0.87
0.90
1.16
0.84
0.86
1.10
0.96
0.96
1.00
0.82
0.96
0.89
0.75
0.94
0.79
1.01
0.89
1.03
0.87
0.63
0.73
0.90
0.78
1.19
0.93
1.09
0.88
0.82
0.87
1.18
1.04
0.90
0.83
0.82
0.66
1.04
0.68
0.82
0.81
0.80
0.75
1.00
0.74
0.80
0.84
0.76
0.70
1.05
0.95
0.76
0.94
0.92
0.76
1.11
0.92
0.69
0.93
0.73
0.79
0.89
0.69
0.75
0.72
1.01
0.90
0.86
0.76
1.68
1.04
0.90
1.18
0.90
0.87
0.73
0.93
0.67
0.96
0.81
0.70
0.82
0.91
0.77
0.99
0.74
0.60
0.64
0.78
0.64
1.16
0.95
0.90
1.07
1.19
1.12
1.08
0.85
0.85
0.73
0.79
0.92
1.20
0.93
1.00
0.93
0.99
1.08
1.08
0.97
0.88
0.77
1.17
0.94
1.30
1.31
1.13
0.95
0.87
0.96
1.02
1.10
1.75
1.33
1.48
1.20
1.53
1.24
1.10
1.00
1.10
1.04
1.28
0.98
0.93
0.87
0.91
1.05
1.26
1.10
1.00
1.04
1.43
1.15
1.10
1.14
0.85
0.73
1.32
0.92
1.08
0.92
0.97
0.88
0.94
0.85
1.02
1.03
1.20
0.97
0.87
0.96
1.11
0.98
0.97
0.72
1.07
1.04
1.18
0.98
0.96
0.90
0.77
0.85
1.04
0.97
0.90
0.79
0.79
0.83
0.98
0.82
0.96
0.81
1.08
1.12
1.16
0.99
0.94
0.75
1.02
0.91
0.97
0.88
1.07
0.87
0.86
1.01
1.20
0.92
0.98
0.84
0.86
0.68
1.05
0.81
0.93
0.86
0.94
1.00
0.83
1.01
1.66
1.39
1.29
1.12
0.89
1.29
0.89
1.00
1.06
1.45
0.87
0.89
0.90
0.95
1.04
1.52
0.97
0.98
0.73
0.91
0.94
1.01
0.75
0.91
0.78
0.88
0.90
1.00
0.76
1.09
1.08
0.85
0.91
1.00
0.91
0.94
0.76
0.81
0.98
1.04
0.74
0.97
0.85
1.05
1.16
1.18
1.00
1.02
1.08
1.10
1.05
1.31
0.85
0.98
1.01
0.96
1.21
1.23
0.95
0.97
0.82
0.92
1.00
1.32
0.93
1.19
0.87
0.94
1.12
1.40
0.99
1.42
1.03
0.96
1.21
1.26
1.00
1.11
1.30
1.01
0.99
1.08
0.94
1.16
0.97
1.15
1.03
1.02
1.46
1.00
1.00
0.94
1.05
1.28
1.06
1.07
1.12
0.95
1.06
1.39
0.95
1.11
1.12
0.95
1.22
1.07
0.95
1.00
0.98
0.90
1.00
1.22
0.96
1.36
1.26
0.99
1.01
1.20
0.96
0.99
1.32
0.87
0.86
1.11
1.06
1.06
0.86
1.10
1.30
1.09
1.03
1.22
0.93
1.17
1.04
1.07
0.97
0.91
1.05
0.93
1.52
0.95
1.00
1.90
1.16
1.06
1.03
0.85
1.31
0.88
0.83
0.91
1.13
0.80
0.88
0.80
0.90
1.01
1.05
0.73
0.83
0.75
0.90
0.94
1.12
0.86
1.04
0.82
0.94
1.03
1.05
0.97
0.87
0.77
0.74
0.99
1.10
0.83
1.00
0.72
0.82
0.98
0.91
0.66
0.93
0.68
0.83
0.95
1.25
0.94
1.02
0.84
1.10
1.41
1.78
0.99
1.08
0.92
0.97
1.09
1.07
0.85
1.13
0.96
0.95
1.07
1.12
0.90
0.85
0.69
1.06
1.13
1.22
0.88
1.28
0.93
1.19
1.15
1.54
1.22
1.47
1.22
1.02
1.22
1.56
1.33
1.33
1.16
1.06
0.91
0.97
0.81
1.08
0.88
0.97
1.21
1.45
0.95
1.01
0.88
1.42
1.03
1.34
1.10
0.97
0.81
0.79
1.10
1.17
1.03
1.06
0.84
0.84
1.05
1.10
1.02
1.08
1.33
1.11
1.08
1.23
0.95
1.21
0.90
0.96
1.04
1.16
1.04
1.15
0.79
0.99
1.24
1.28
0.89
1.08
0.94
1.06
1.03
1.10
0.87
1.28
1.10
0.96
1.03
1.05
1.06
1.58
0.96
1.49
1.25
0.98
1.04
0.87
1.14
1.28
1.26
0.86
0.93
0.82
0.91
1.04
1.13
0.76
0.95
0.68
1.16
1.18
1.39
0.87
1.07
0.88
0.91
1.13
1.19
1.02
1.33
0.99
1.03
0.89
1.23
0.88
0.98
0.88
0.98
0.97
1.00
0.86
1.62
1.11
0.99
1.23
1.35
1.04
0.94
0.92
1.28
1.50
1.65
1.18
0.98
0.82
0.88
1.31
1.44
0.94
1.05
1.01
0.94
0.90
0.95
0.73
1.07
0.78
0.99
1.27
1.28
1.05
1.26
1.02
1.42
1.25
1.35
1.09
1.28
0.98
0.94
1.12
1.29
1.09
1.32
0.94
1.03
0.89
1.00
0.82
0.90
0.81
0.81
0.95
1.01
0.87
1.12
0.82
0.93
1.02
0.96
0.87
0.90
0.70
0.89
1.12
1.13
0.96
1.07
0.79
0.88
1.05
1.07
0.92
1.05
0.78
0.86
1.09
1.07
0.89
1.02
0.76
0.98
1.01
1.12
0.89
0.91
0.76
0.87
1.04
0.98
0.81
1.01
0.67
0.86
0.95
1.07
0.85
0.97
0.71
0.90
1.17
0.82
0.99
1.67
0.99
1.10
1.06
0.92
0.97
0.82
0.80
1.07
1.03
0.87
0.99
0.83
0.86
1.05
0.94
0.77
1.00
0.68
0.79
0.86
1.01
0.82
0.87
0.71
0.83
0.95
1.01
0.83
0.83
0.78
0.88
0.93
1.28
0.88
0.96
0.88
0.85
1.00
0.94
0.81
0.95
0.90
0.77
0.99
1.11
1.06
1.06
0.92
0.85
0.96
0.94
0.78
1.03
0.75
0.88
1.12
1.30
1.12
1.19
0.84
0.97
1.60
1.29
0.98
1.20
1.09
1.29
1.20
1.14
0.84
0.89
0.83
0.97
1.15
1.19
0.95
1.34
0.85
1.12
1.27
1.26
1.08
1.24
1.04
0.99
1.04
1.01
1.10
1.17
0.89
1.16
1.25
1.08
0.86
1.05
0.74
0.90
1.15
1.01
0.88
0.95
0.82
0.89
1.10
0.94
0.77
1.03
0.82
0.89
1.02
1.09
0.87
1.11
0.87
0.93
1.06
1.08
0.83
1.01
0.85
0.96
1.10
1.21
0.75
1.07
0.76
0.89
1.13
1.11
0.86
1.19
0.89
0.97
1.05
0.97
0.90
1.19
0.85
0.97
1.31
1.42
1.13
2.01
1.33
1.26
1.31
1.06
1.20
1.03
1.46
1.31
1.29
1.10
1.30
1.06
1.07
1.28
1.24
0.88
1.00
0.76
0.92
1.54
1.33
1.08
1.20
0.91
1.04
1.32
1.38
1.10
1.33
1.08
1.12
1.44
1.24
1.07
1.28
0.97
1.08
1.01
0.97
0.96
1.20
0.96
1.07
1.43
1.40
1.06
1.36
0.94
1.09
1.30
1.42
1.52
1.35
0.87
0.98
1.15
1.23
1.00
1.44
1.13
1.29
1.19
1.22
0.84
1.11
0.91
1.08
1.54
1.30
1.10
1.29
1.14
1.29
1.19
1.24
1.14
1.35
1.05
1.07
1.35
1.16
1.01
1.38
1.05
1.24
1.18
1.29
0.80
1.23
1.00
1.00
1.20
1.66
1.13
1.21
1.02
1.13
1.33
1.36
1.23
1.39
1.02
1.06
1.41
1.25
1.17
1.30
1.06
0.97
1.15
1.12
0.91
1.17
0.98
1.01
1.18
1.11
1.33
1.38
1.15
1.07
1.17
1.30
1.14
1.45
1.01
1.02
1.27
1.18
1.10
1.30
1.01
0.95
1.06
1.20
1.01
1.18
0.94
1.05
1.17
1.06
1.49
2.36
1.27
1.49
1.49
1.57
1.38
1.00
0.96
1.33
1.19
1.08
0.98
0.86
1.51
1.10
1.15
1.10
1.08
0.73
0.89
0.78
1.28
0.96
1.07
0.76
0.74
0.87
1.34
0.91
0.86
0.94
0.87
0.78
1.24
0.78
0.78
0.79
0.80
0.78
1.09
0.71
0.90
0.83
0.93
0.86
1.18
0.88
0.85
0.86
1.20
1.29
1.45
1.10
0.94
0.92
1.02
1.00
1.79
1.64
1.36
1.08
0.83
0.86
1.29
1.22
2.49
2.17
2.09
2.26
2.57
2.08
2.43
1.19
1.13
0.92
1.23
0.94
1.38
1.27
1.05
1.04
1.26
1.23
1.01
1.05
0.99
0.77
0.92
0.78
0.87
0.96
0.91
0.85
1.24
0.91
1.01
1.04
1.04
0.97
1.51
0.99
0.78
0.84
1.36
0.95
1.19
0.71
1.05
0.99
0.81
0.69
1.08
0.86
0.74
0.85
0.80
0.98
1.37
0.87
0.88
0.91
0.95
1.02
1.41
0.95
1.40
1.10
0.95
0.97
1.17
0.92
0.85
0.81
0.77
0.82
1.07
0.79
0.81
0.76
0.95
0.80
0.81
1.04
2.02
0.98
0.65
0.99
0.77
0.68
0.89
0.69
0.62
1.15
1.00
0.71
0.78
0.65
0.70
0.93
0.65
0.57
0.70
0.71
0.73
0.96
0.70
0.72
0.88
0.69
0.82
1.13
0.66
0.78
0.89
0.82
0.87
1.11
0.69
0.74
0.72
0.79
0.71
1.00
0.75
1.11
1.11
0.90
0.71
1.15
0.81
0.79
1.07
0.94
0.79
1.02
0.78
0.85
1.30
1.00
0.94
1.15
0.85
0.72
1.05
0.88
0.88
2.11
2.17
1.41
1.32
1.05
0.96
2.37
2.43
2.18
2.28
2.05
1.07
1.19
0.85
0.96
0.91
1.00
0.85
1.35
1.36
1.25
0.89
0.96
0.85
1.12
0.97
0.76
0.80
0.82
0.72
1.09
0.80
0.78
0.73
0.97
1.00
1.11
0.85
0.77
0.98
1.18
1.01
1.42
1.05
11.01
2.44
1.07
1.07
1.07
0.91
0.96
0.95
1.02
0.85
1.18
0.79
1.09
0.87
1.06
0.89
1.23
0.78
0.68
0.79
0.91
0.87
1.11
0.79
0.86
0.82
0.87
0.71
1.14
0.87
0.64
0.68
0.73
0.80
0.79
0.76
1.68
1.00
0.85
1.18
0.72
0.78
0.73
0.82
0.82
1.05
0.79
0.93
0.77
0.80
0.74
1.02
0.78
0.71
0.68
0.76
0.76
0.88
1.04
0.86
0.62
0.79
0.71
1.19
0.81
0.80
0.65
1.18
0.97
1.13
0.85
0.78
0.72
0.62
0.64
1.12
0.71
0.62
0.80
0.93
0.85
1.17
0.85
0.83
0.82
0.81
1.26
1.67
1.06
1.34
1.31
1.37
1.48
2.37
2.09
1.52
1.61
1.50
1.29
2.02
1.36
1.36
1.23
1.49
1.36
1.53
1.23
1.39
1.33
1.94
1.31
1.66
1.40
1.29
1.35
1.09
0.96
1.47
1.29
1.66
1.02
1.09
1.03
1.27
0.83
1.01
0.86
1.15
1.01
1.46
0.99
1.03
1.05
0.92
0.98
1.41
1.07
1.00
0.85
0.94
1.11
1.30
1.06
0.99
0.83
0.96
1.36
1.18
0.99
1.04
0.78
1.16
1.13
1.23
1.03
0.95
1.00
0.93
1.01
1.25
1.10
0.87
0.86
0.88
0.92
1.32
1.02
0.99
0.96
0.95
0.77
1.07
0.82
1.22
1.02
0.94
1.08
1.12
0.97
1.86
1.32
1.13
1.39
1.00
0.89
0.78
0.90
0.97
1.29
1.03
0.92
0.93
1.02
1.01
1.21
0.77
0.98
0.75
0.99
0.87
1.28
0.93
0.96
0.88
0.95
0.98
1.39
0.96
1.05
0.95
0.92
0.94
1.32
0.93
1.10
0.83
0.89
0.76
1.15
0.84
0.93
1.15
0.91
1.08
1.56
0.97
1.29
1.01
1.14
1.31
1.45
0.96
0.94
0.90
1.38
0.99
1.32
0.89
1.09
0.94
1.09
1.12
1.30
0.96
1.55
0.99
1.02
0.84
1.39
0.89
1.04
1.04
0.94
1.17
1.38
1.06
1.14
0.82
1.11
1.12
1.39
0.96
1.40
0.99
0.86
1.00
1.01
0.76
0.90
0.72
0.85
0.87
1.30
0.88
1.18
0.90
1.01
0.93
1.24
0.88
0.87
0.82
0.91
1.09
1.38
0.94
1.03
0.97
0.95
0.90
1.16
1.07
1.08
0.96
1.06
0.97
1.95
1.03
1.02
1.27
1.22
1.05
1.38
1.08
1.20
0.92
1.17
1.14
1.16
1.08
1.07
0.88
0.97
0.81
1.05
0.87
1.25
0.86
0.93
1.08
1.02
1.16
1.84
1.21
1.01
1.50
1.00
1.05
0.85
1.11
1.20
1.29
0.99
0.93
1.20
1.12
1.01
1.13
0.81
0.78
0.78
1.00
1.13
1.25
1.09
1.18
1.16
1.21
1.21
1.30
0.95
0.90
0.73
1.04
0.99
1.07
1.02
1.09
0.88
0.96
0.88
1.15
0.87
1.08
0.93
1.07
1.29
1.30
1.01
1.27
0.99
1.05
1.22
1.25
0.97
1.08
0.95
1.09
1.16
1.37
0.87
1.20
0.85
0.90
1.88
1.50
0.78
0.84
0.69
1.11
1.17
1.58
0.96
0.98
0.99
1.21
1.21
1.32
0.95
1.06
0.94
1.06
1.10
1.40
1.21
1.06
0.94
0.97
0.86
1.03
0.93
1.02
0.77
0.88
0.91
1.06
0.82
0.95
0.87
0.89
0.93
1.01
0.84
0.89
0.83
0.93
0.85
1.04
0.87
0.88
0.67
0.84
0.91
1.10
0.81
0.83
0.72
0.82
0.81
1.11
0.81
0.85
0.75
0.85
0.98
1.05
0.87
0.80
0.74
0.85
0.95
1.15
0.75
1.05
0.78
0.78
0.79
1.01
0.73
0.96
0.68
0.75
0.97
0.80
0.85
1.54
1.07
1.09
1.11
0.89
0.91
0.72
0.91
0.86
0.99
0.85
0.79
0.71
0.89
0.85
0.95
0.70
0.90
0.81
0.87
0.97
0.93
0.66
0.86
0.72
0.83
0.90
1.09
0.75
0.84
0.67
0.89
0.90
1.03
0.84
0.95
0.76
0.94
0.95
1.03
0.77
0.91
0.79
0.89
0.90
1.11
0.77
1.01
0.91
0.98
1.24
1.44
1.20
1.13
0.95
0.92
1.03
1.24
1.17
1.31
0.91
0.95
1.16
1.20
1.05
1.20
0.95
1.00
1.30
1.27
0.95
1.09
0.86
1.09
1.26
1.22
1.05
1.14
1.04
1.09
1.52
1.43
0.96
1.23
0.91
0.98
1.14
1.04
0.96
1.14
1.07
1.05
1.04
1.05
0.85
0.90
0.78
0.79
0.75
1.04
0.87
0.85
0.70
0.88
1.02
1.03
0.79
0.86
0.86
0.76
0.98
0.96
0.87
1.11
0.86
0.81
1.01
1.04
0.83
0.90
0.87
0.81
0.96
1.08
0.78
0.93
0.70
0.90
0.90
1.14
0.95
0.99
0.72
0.92
0.91
1.08
0.84
1.03
1.00
1.19
1.11
1.03
1.05
1.98
1.27
1.18
1.33
1.01
1.02
0.91
0.84
1.04
1.30
1.06
1.48
0.97
1.02
1.13
1.06
0.82
1.14
0.85
0.95
1.14
1.29
0.96
1.41
1.03
0.94
1.05
1.34
0.88
1.02
0.96
0.92
1.10
1.14
1.01
1.18
1.05
0.95
0.92
1.04
0.74
1.29
1.07
1.06
1.29
1.72
1.08
1.13
1.20
1.02
1.37
1.26
0.97
1.19
1.45
1.12
1.14
1.28
1.09
1.12
1.13
1.09
1.39
1.26
1.09
1.06
1.02
1.31
1.53
1.55
1.11
1.14
1.04
1.34
1.14
1.10
1.02
1.04
0.92
1.36
1.53
1.57
1.10
1.54
1.10
1.23
1.12
1.05
0.89
1.14
0.92
1.65
1.35
1.41
0.93
1.48
1.01
1.19
1.33
1.35
1.02
1.17
0.81
1.32
1.23
1.32
0.93
1.66
0.89
0.92
1.19
1.17
1.12
1.28
1.03
1.22
1.28
1.27
1.00
1.23
1.00
1.23
1.19
1.34
1.09
1.26
0.90
1.16
1.06
1.38
1.04
1.58
0.96
1.13
1.05
1.09
0.88
1.10
0.75
1.00
1.28
0.93
1.22
1.95
1.33
1.32
1.40
1.01
1.16
0.77
1.12
1.27
1.49
0.98
1.18
0.83
1.04
1.06
1.01
0.80
1.07
0.93
0.94
0.93
1.34
0.94
1.10
0.85
1.03
1.02
1.12
1.05
1.20
1.04
1.07
1.18
1.28
0.95
1.08
0.90
1.09
0.92
0.94
0.74
1.16
0.92
1.10
1.38
1.33
0.96
1.04
1.02
1.22
1.32
1.31
1.06
1.28
1.06
1.16
1.43
1.73
1.39
1.33
1.05
1.49
1.25
1.13
0.91
1.13
1.01
1.02
1.22
1.40
1.01
1.50
0.92
1.07
1.38
1.53
1.20
1.62
1.04
1.20
1.23
1.72
1.27
1.45
1.01
1.39
1.24
1.68
0.92
1.14
0.97
1.16
1.57
1.65
1.02
1.53
1.26
1.52
1.30
1.38
1.34
1.41
1.66
2.00
1.82
2.20
1.75
1.91
1.09
0.88
1.14
1.18
1.22
1.31
1.06
1.35
1.47
1.36
1.11
1.50
0.91
1.09
1.51
1.27
1.35
1.28
0.96
1.15
1.14
1.33
1.21
2.23
1.88
1.58
2.71
1.96
1.20
1.30
1.06
1.36
1.79
1.22
1.89
1.96
1.41
1.31
1.34
0.91
1.10
0.92
1.39
1.32
1.22
1.14
1.29
0.86
1.07
1.24
1.18
0.90
1.12
0.80
1.11
1.33
1.28
0.98
1.20
0.87
1.00
1.24
1.20
1.04
0.97
0.76
1.37
1.31
1.23
1.00
1.16
0.82
1.12
1.09
0.99
0.95
1.34
1.05
1.06
1.33
1.52
1.11
1.30
0.99
1.57
1.59
1.52
1.06
1.34
0.85
1.09
1.59
1.44
1.11
1.70
0.94
1.27
1.32
1.30
1.11
1.13
0.96
1.15
1.87
1.50
1.38
1.27
0.99
1.32
1.45
1.52
1.19
1.49
0.93
1.51
1.42
1.94
1.19
1.61
1.02
1.55
1.30
1.00
1.04
1.33
0.96
1.52
1.48
1.57
1.63
1.63
0.86
1.19
1.47
1.56
1.17
1.34
0.92
1.63
1.38
1.42
1.15
1.71
1.00
0.96
1.25
1.18
1.21
1.49
0.80
1.21
1.55
1.65
1.10
1.07
0.80
1.02
1.35
1.31
0.94
1.32
0.79
1.11
1.27
1.16
1.00
1.55
0.88
0.96
1.27
1.12
0.93
1.05
0.88
0.99
1.27
1.08
1.23
1.76
1.35
1.22
1.30
1.08
1.37
0.82
1.06
1.37
1.33
1.08
1.27
0.88
1.00
1.29
1.29
0.98
1.13
0.77
0.98
1.27
1.22
1.21
1.12
0.90
1.00
1.31
1.31
0.98
1.26
0.73
1.02
1.19
1.22
0.93
1.27
0.91
1.05
1.25
1.09
0.85
1.25
0.93
1.10
1.32
1.39
1.03
1.42
0.91
1.26
1.49
1.75
1.33
2.15
1.14
1.70
1.69
1.34
1.16
1.24
0.95
1.25
1.31
1.18
1.12
1.30
1.37
1.26
1.42
1.83
1.58
1.54
0.88
1.28
1.28
1.61
1.64
1.50
1.26
1.00
1.29
1.48
2.11
2.01
1.84
1.25
1.23
1.17
0.95
1.17
1.05
1.22
1.38
1.32
1.20
1.38
1.44
1.60
1.49
1.68
1.05
1.71
0.74
1.41
1.66
1.64
1.23
1.35
1.97
1.46
1.32
1.14
1.28
1.33
0.93
1.37
1.40
1.30
1.68
1.84
1.09
1.14
1.43
1.28
1.19
1.53
0.86
1.45
1.11
1.39
1.12
1.17
1.12
1.21
1.07
1.91
1.20
1.27
0.77
0.97
1.06
1.22
1.24
1.88
1.33
1.23
1.25
1.25
1.16
0.73
1.06
1.33
1.30
1.05
1.24
0.98
1.16
1.23
1.01
1.02
1.25
0.72
0.98
1.17
1.14
0.98
1.48
0.89
1.00
1.21
1.18
1.01
1.14
0.75
1.29
1.46
1.22
1.11
1.32
0.84
1.01
1.15
1.11
0.85
1.20
0.87
1.16
1.76
1.69
1.25
1.51
0.85
1.16
1.49
1.34
1.08
1.33
0.83
1.12
1.49
1.49
1.48
1.51
1.15
1.20
2.17
1.52
1.20
1.28
0.73
1.14
1.35
1.29
1.17
1.22
1.10
1.14
1.37
1.33
1.28
1.52
1.08
1.09
1.40
1.37
1.14
1.82
1.20
1.67
1.78
1.57
1.05
1.49
1.03
1.33
1.49
1.63
1.19
1.49
0.93
1.40
1.35
1.51
1.31
1.59
1.93
1.26
1.56
1.70
1.39
1.34
0.87
1.05
1.42
1.67
1.20
1.32
0.82
1.37
1.62
1.31
1.43
1.72
0.98
1.36
1.56
1.38
1.00
1.38
0.96
1.26
1.57
1.34
1.22
1.27
0.96
0.98
1.17
1.23
1.06
1.26
0.93
1.16
1.52
1.17
1.45
2.01
1.45
1.49
1.48
1.20
1.52
1.15
1.50
1.37
1.31
1.04
1.17
0.85
1.02
1.37
1.37
1.01
1.40
0.70
1.09
1.45
1.42
1.11
1.10
0.74
0.98
1.38
1.56
1.18
1.31
0.87
1.07
1.38
1.18
1.11
1.25
0.84
1.08
1.08
1.19
0.95
1.29
0.76
1.00
1.18
1.30
1.09
1.15
0.77
0.95
1.26
1.14
1.01
1.13
0.77
0.98
1.38
1.46
1.11
1.19
0.65
1.25
1.29
1.51
1.18
1.22
0.70
0.85
1.13
1.19
1.09
1.30
0.84
0.91
1.28
1.29
1.02
1.10
0.78
0.96
1.35
1.27
1.09
1.29
0.87
0.97
1.19
1.12
0.97
1.25
0.81
1.00
1.35
1.21
1.04
1.21
0.80
0.98
1.35
1.30
1.06
1.20
0.74
0.94
1.36
1.15
0.98
1.35
0.82
0.97
1.27
1.09
0.89
1.29
0.80
0.86
1.36
1.15
1.07
1.18
0.75
0.96
1.43
1.13
1.00
1.32
0.83
1.01
1.21
1.13
0.97
1.29
0.75
0.95
1.27
1.08
0.93
1.25
0.78
0.99
1.39
1.03
1.16
1.67
1.20
1.26
1.16
1.07
1.25
0.67
0.91
1.17
1.13
1.09
1.25
0.76
0.94
1.17
1.19
1.07
1.47
0.85
0.96
1.40
1.16
1.08
1.40
0.75
0.94
1.30
1.11
0.96
1.37
0.79
1.03
1.25
1.18
1.11
1.28
0.71
0.98
1.36
1.16
1.04
1.27
0.74
0.94
1.49
1.12
1.10
1.25
0.79
0.90
1.32
1.22
1.05
1.27
0.78
1.03
1.18
1.12
1.05
1.26
0.79
0.93
1.41
1.35
1.04
1.26
0.69
0.89
1.17
1.17
0.99
1.39
0.75
1.00
1.39
1.16
1.00
1.36
0.80
0.98
1.38
1.18
1.05
1.25
0.83
1.02
1.26
1.09
1.04
1.24
0.74
1.07
1.37
1.21
0.98
1.44
1.11
1.14
1.52
1.20
1.11
1.35
0.75
1.04
1.52
1.23
1.12
1.33
0.77
0.95
1.29
1.08
0.97
1.41
0.83
1.04
1.45
1.25
1.08
1.37
0.84
1.07
1.33
1.04
0.96
1.27
0.79
1.11
1.38
1.21
1.13
1.35
0.73
0.97
1.22
1.15
1.12
1.67
1.05
1.36
1.65
1.27
1.64
2.03
1.85
1.90
1.72
1.36
1.78
0.92
1.16
1.83
1.41
1.30
1.45
1.01
1.32
1.95
1.37
1.14
1.56
0.77
1.47
1.79
1.64
1.46
1.74
0.93
1.65
1.84
1.51
1.34
1.73
1.10
1.34
1.71
1.74
1.53
1.95
1.38
1.48
1.62
1.29
1.24
1.77
1.23
1.47
2.17
2.11
1.40
1.61
1.53
1.88
2.26
1.68
1.48
1.70
1.22
1.66
2.12
2.14
2.63
1.84
1.51
1.83
2.32
2.06
1.53
1.53
0.94
1.95
2.23
2.35
2.41
2.31
1.37
1.80
1.57
2.06
2.19
2.35
1.52
1.72
1.82
2.30
1.63
1.18
1.16
2.51
1.48
1.80
1.06
1.53
1.42
1.99
1.68
1.81
1.54
1.46
1.19
1.80
1.73
2.00
1.83
1.65
1.06
1.82
1.51
1.69
1.23
1.53
0.97
1.23
1.35
1.64
1.34
1.40
0.86
1.21
1.54
1.51
1.21
1.29
1.08
1.54
1.48
1.65
1.44
1.56
1.13
1.46
1.64
1.64
1.42
1.34
0.99
1.15
1.11
1.03
0.93
1.40
0.95
1.36
1.43
1.28
1.26
1.98
1.38
1.53
1.45
1.43
1.03
0.81
1.29
1.40
1.37
1.30
1.35
1.03
1.18
1.33
1.28
0.98
1.06
0.77
0.93
1.09
1.25
0.98
1.40
0.90
1.54
1.29
1.60
1.18
1.32
0.80
1.17
1.35
1.24
1.12
1.25
0.94
1.08
1.13
1.01
1.04
1.43
1.07
1.43
1.75
1.78
1.33
1.59
1.38
1.44
1.83
1.67
1.67
1.39
1.04
1.85
1.96
1.65
1.92
1.38
1.34
1.34
1.35
0.96
1.05
1.41
0.96
1.41
2.11
1.50
1.58
1.41
1.41
1.62
1.67
1.92
1.49
1.65
1.45
1.59
1.17
1.24
0.83
0.86
0.97
0.87
0.77
0.89
