187036.26
187590.08
198267.46
191106.10
187352.02
191608.11
188646.34
188573.25
188248.27
189114.35
187740.44
193860.20
187649.56
187601.60
187693.58
187637.10
187624.00
193983.70
187664.78
187902.61
188130.25
187640.19
188141.84
193693.52
187554.67
188334.51
188754.56
189740.71
189097.68
193652.31
188329.98
187558.33
187998.39
187934.63
187538.25
193501.03
188185.82
187528.18
187624.90
187840.28
187719.04
193927.14
188029.21
188543.59
188098.80
188314.24
187877.58
194718.57
188083.32
189665.26
187900.11
187802.60
187826.39
193779.28
187755.08
187790.93
187480.64
187637.96
187874.44
193784.47
187955.13
187625.67
188044.88
187684.27
187679.90
193492.81
188452.20
187486.06
188613.41
188377.29
188772.69
193226.57
188737.02
187861.81
189124.18
188248.25
187761.61
193671.06
187711.46
187546.19
187506.60
187534.34
187705.74
193668.08
187710.15
187755.58
187961.93
187574.86
188291.90
194011.86
188529.16
190115.14
191006.42
188679.93
189104.53
197525.30
187163.91
188581.84
191499.57
187102.99
189734.57
193931.37
186100.27
185203.62
185962.05
189491.96
187281.74
192851.57
185554.34
186899.33
188086.45
187070.81
183087.49
190493.19
188568.29
182689.90
187654.99
188549.11
187709.25
188978.14
185358.83
185952.63
186714.00
186246.19
187496.10
190207.67
185338.10
185752.73
186826.23
186548.28
185969.46
188505.27
186354.54
186411.75
186860.53
186719.16
183613.30
187332.10
185375.00
182289.25
185069.48
184782.03
184889.68
184145.21
183947.16
195697.02
187825.36
184861.39
188613.47
186422.97
181857.86
185715.07
186287.96
183655.28
190021.09
185858.37
184286.77
184719.86
186051.02
186691.45
189888.81
184978.70
185212.03
185102.72
186377.51
186468.87
188628.57
185957.51
186991.57
186662.06
184734.36
185059.47
192008.32
183429.67
188153.48
184918.66
184364.36
185492.64
193582.47
184410.50
187725.14
187858.43
184143.00
186925.27
192271.50
184725.62
186342.58
185413.39
189763.28
189100.46
193032.35
191411.72
191046.30
189741.94
194288.15
189831.43
198085.33
195570.42
192495.83
197083.83
200974.75
201338.21
210516.11
202289.14
201354.83
195707.85
198396.07
205358.57
206297.42
201270.51
198032.40
196058.60
197474.57
198208.27
203921.11
198564.00
198095.23
198094.87
197995.45
197898.98
203294.91
201313.10
198868.06
201616.74
197985.59
192400.23
201801.25
202866.53
198889.55
197404.96
199943.76
199092.34
202251.64
198811.24
196927.41
197828.65
200475.96
197358.38
204580.25
198374.11
197048.19
198109.84
198375.60
196991.13
200578.23
199965.02
195102.73
196233.21
198384.10
193951.80
202193.00
196008.46
193977.52
195745.93
192358.56
192257.55
199409.70
194843.11
194166.22
196514.40
194047.40
192874.71
195078.66
236303.66
212248.84
193271.62
193427.67
193990.43
196143.23
194979.99
194040.49
190361.80
193084.85
189403.45
196877.17
194769.52
189461.34
188893.54
192023.39
187392.05
193760.54
188889.53
190156.23
187160.04
188612.68
190659.54
188429.56
189617.27
200089.10
189620.54
189436.01
193523.91
188108.09
188250.85
191161.21
188337.52
189381.66
193529.14
189270.46
191224.73
188728.12
188978.14
188055.01
193746.56
187457.73
191329.84
186580.35
191342.22
189460.82
192016.61
190228.11
186919.18
189405.61
191096.97
187859.65
193862.97
191127.09
187567.81
190337.74
191932.63
187949.56
196016.01
190228.06
190710.25
190787.09
189023.70
190403.64
193928.72
189537.83
189398.52
186141.94
189522.36
188690.98
191712.41
190536.68
189515.69
190922.72
192613.50
190729.23
196413.55
188651.25
190833.98
193908.36
189890.74
190462.27
203232.67
192784.00
195647.41
194534.63
200853.83
199072.70
205053.72
194871.94
194118.66
190840.44
187907.95
188693.30
197630.15
194636.56
194219.40
199010.37
198546.35
202743.93
209519.84
194292.10
203165.17
197708.02
205129.65
202540.04
209727.74
202719.40
201707.66
196441.13
202687.54
201402.74
205212.83
201523.58
196730.82
197053.76
201681.37
197760.13
205964.64
199824.62
196429.56
197385.28
198279.52
197491.64
203482.61
196172.14
195914.55
197794.55
197434.25
192499.39
204384.24
193076.62
196519.60
193826.21
193099.08
194067.13
197267.77
197855.16
192470.05
195324.78
195928.49
192235.77
200689.33
192858.34
192457.50
193130.35
193219.38
192095.98
200133.63
192825.94
191195.13
189891.10
191888.13
188723.48
194596.40
193001.00
187617.22
188922.23
190158.99
187463.21
192986.00
186589.83
187886.17
187683.67
186738.94
191201.02
186483.77
191212.05
199999.09
190933.13
186125.65
188586.55
189949.93
188816.95
187054.52
191415.05
188037.00
194190.81
188614.56
187981.39
191401.07
187522.88
189821.05
192847.50
190646.42
187721.39
187542.78
192028.14
186850.54
194684.16
190467.90
187591.63
190503.02
187658.99
191598.58
193327.33
189818.11
186781.19
191902.85
188380.65
187482.91
192776.08
189555.11
187223.72
191028.23
189447.22
188822.14
192617.68
187703.68
187725.52
186916.73
186834.01
184441.03
196380.07
189974.95
193350.80
193166.32
191335.47
189696.51
195756.95
193354.70
189418.55
187694.97
195547.92
196541.66
203974.82
198141.96
197075.87
199833.95
190996.51
185197.44
192385.91
185594.28
185522.39
197624.50
197816.90
200087.98
202748.54
199989.13
199031.02
199428.11
198627.07
194928.32
205701.55
199960.84
198143.33
197816.38
197574.90
199617.12
204195.24
200363.00
198519.24
199810.01
198149.70
196247.56
203198.94
201514.22
201310.60
204561.76
202461.49
197792.89
208706.19
202930.32
200652.48
195411.79
199686.14
198648.05
201890.93
197771.96
194412.31
198704.71
197509.35
193928.00
200658.90
197477.29
195656.06
193573.55
193215.00
194034.95
198695.57
195818.15
197427.69
196238.92
196855.22
195669.79
200315.97
196226.68
194950.18
193417.50
194244.65
193552.33
202440.22
194771.18
193080.15
191472.85
193948.74
193670.35
199376.12
193610.97
194065.36
190409.28
190844.35
189418.90
193008.80
189891.13
191474.30
186969.52
189827.81
190327.91
191450.75
190351.70
200352.87
193692.02
187619.46
194572.20
189716.45
190675.66
191885.56
188167.65
190831.72
194815.68
188867.14
191852.58
187805.75
191005.06
190089.45
193212.41
189597.53
188623.72
189054.20
191188.34
187858.86
195121.69
188231.68
190995.16
187275.47
191369.26
187797.95
196553.84
187124.52
192248.27
187654.63
187920.19
191501.33
195726.85
187407.99
190096.14
190605.29
188023.02
190664.86
192454.30
189206.54
190916.71
188909.86
187975.28
187092.59
194187.39
188814.59
191854.84
189553.83
195556.86
189260.46
197950.51
187105.29
193699.28
196198.95
195903.36
193318.02
197045.69
193590.68
194961.84
193449.59
191920.38
191415.35
195496.77
191714.22
188000.26
192463.53
189060.77
194860.47
203551.47
194616.96
189066.93
192114.08
189111.08
192443.24
199957.89
200452.00
202806.97
197890.56
198454.54
193246.40
203523.96
194930.64
192567.03
195431.40
189983.17
188060.95
191460.25
192520.64
192028.40
191658.67
192156.24
192808.85
195822.99
194080.49
189805.50
190467.51
191591.54
189373.56
194353.25
191101.68
189161.03
192069.93
186689.69
186753.93
190899.06
190539.71
190948.42
187019.52
191075.98
184704.43
193884.95
190593.86
186381.52
189597.90
186562.37
191177.10
189702.60
189284.99
188472.19
188880.90
189209.20
185792.06
192002.36
188978.77
186922.93
186869.00
187728.36
184008.25
191937.68
187919.23
182975.98
186722.23
185471.48
183126.84
186947.06
184299.11
182975.96
183243.23
182894.03
182037.36
183607.59
183496.85
196624.34
182585.42
180776.65
185815.65
184244.84
183370.36
183055.96
182810.98
183096.95
184442.33
183057.29
182953.83
183198.30
183111.13
182896.59
187591.47
183080.95
181511.11
182821.90
182836.81
182525.94
188623.85
182952.11
183588.55
183640.94
182991.51
182440.08
188229.72
183288.03
183212.07
183204.94
182980.54
182943.24
188803.07
183067.01
182968.16
182858.76
183013.14
183000.79
189311.78
182917.42
183916.82
185929.25
190160.09
190935.12
194451.69
188693.27
191068.95
191331.85
189217.79
191803.02
197099.39
189166.03
195482.15
196586.20
198008.66
202552.12
203117.31
203504.89
199305.73
202723.42
200241.77
203028.47
204979.36
199724.97
203910.08
201539.08
199596.01
199784.17
207802.11
198591.08
201937.14
201143.36
202376.53
204046.33
205212.52
204006.04
204041.24
202170.12
201720.08
203281.28
207201.08
203855.96
202880.54
203953.10
204487.59
200280.83
205769.61
202535.29
202998.55
201514.68
202316.35
200868.53
207355.92
200570.34
200911.73
200805.06
200744.65
201315.40
206905.37
202144.19
202668.64
202104.54
200741.04
201584.85
206782.61
200581.10
201005.47
200586.76
200555.68
200884.16
207030.52
202106.70
201854.63
202268.90
202486.54
201197.38
206886.03
200615.07
200933.88
201193.71
200744.68
200800.64
207361.86
202125.41
202315.57
202074.76
201575.18
201521.71
207084.36
200796.78
200605.75
201194.01
200903.97
200876.11
206753.67
202125.16
201712.34
201947.55
202138.12
200900.31
199113.34
200897.99
212449.82
200250.38
199363.47
208378.96
201362.12
200846.50
200809.14
200719.24
200564.83
207149.46
200665.21
200527.81
201227.51
200499.96
200770.07
207078.87
203517.59
204079.45
200839.50
200790.07
200866.68
207382.93
202399.36
202403.43
202422.19
201516.01
200717.59
207121.54
200731.07
200660.55
201285.99
200609.88
201427.62
207850.66
203266.72
202421.48
201124.81
200495.57
200628.24
208202.05
200916.87
202165.88
202206.68
202747.23
201669.92
206630.17
201216.96
200608.15
201399.86
200604.35
200642.94
207036.03
200914.10
200680.98
202158.19
202220.62
201264.46
206900.95
202436.53
201433.01
201181.75
200797.47
200546.91
207168.83
201165.62
200755.87
202732.08
203244.17
201660.96
207126.19
200738.24
201439.27
202194.28
200924.91
200926.62
207398.68
203599.52
200627.05
201260.55
200782.19
200770.03
207036.41
201312.72
200705.20
201064.04
202186.92
201848.65
208282.17
203142.97
200772.12
201048.82
200805.93
200580.01
207591.55
201810.83
202306.50
202427.67
199430.30
201232.92
207011.81
202801.07
201987.40
205317.24
200877.41
200761.07
208741.13
201723.78
202174.70
201064.15
199409.39
199025.09
206579.74
204319.75
201987.70
201010.65
200829.00
200457.13
206802.87
200786.65
200996.57
203383.74
200839.63
200809.07
207065.02
203387.36
201157.59
201001.06
200944.68
200669.97
206742.20
201206.21
200774.82
201310.09
201720.27
203608.07
209145.10
201212.41
201966.23
201427.61
200567.19
203263.36
200522.89
203786.30
209934.66
201637.92
204410.14
206331.25
203239.80
204585.44
201166.17
203013.12
204094.36
209814.71
201044.33
203510.71
204753.58
204207.16
200847.38
211100.96
201729.54
202466.39
202094.38
201942.83
204281.45
206592.40
203846.48
200906.72
204902.38
203249.83
202719.03
206945.18
207033.38
201216.82
203809.84
206376.69
200545.22
211671.83
200203.28
206120.02
204890.48
201596.15
204329.37
210860.81
201583.81
202226.98
200815.81
198521.51
195773.26
203376.04
201261.23
200469.65
196878.45
196820.72
200492.82
203051.57
201020.95
198940.54
195257.55
197191.15
195659.52
197223.17
192567.81
193414.92
197840.62
85680.22
42007.81
190357.63
191286.38
194746.46
196068.96
108510.22
36927.35
192183.50
188877.20
188101.41
193161.19
189029.73
187304.71
192704.49
193067.56
199908.55
200338.69
195505.29
206782.16
199436.12
194493.39
194667.26
195372.08
197264.78
196124.35
200057.33
195294.20
195746.17
197796.00
194074.38
199531.34
204791.41
202249.94
201702.55
200620.40
204219.80
198088.14
207594.48
202425.67
201153.85
201942.20
200198.13
199698.43
207611.19
198239.90
199268.24
198203.99
197138.31
199580.53
203921.65
197745.52
199762.70
199144.63
199520.92
199186.48
206999.84
196931.27
196300.76
201338.48
196324.69
198233.60
202691.52
198295.85
196016.54
197934.78
199130.44
194226.62
202593.40
197750.10
196312.36
195600.46
194832.26
191752.18
202838.39
191783.83
193776.92
194747.62
193554.12
193694.73
196876.75
194494.10
203445.29
196916.95
193845.16
202141.18
193605.03
193949.36
195238.46
197089.85
195217.32
201504.11
193180.49
195257.86
193877.38
195189.99
194379.87
200343.12
191367.15
196034.44
193756.72
194382.66
193859.65
200802.24
194958.62
193494.32
193727.28
195304.88
196092.94
196763.69
195996.05
195675.55
195341.05
195823.24
193608.45
201192.71
194384.92
193979.97
193969.25
196659.80
195820.52
199290.96
191707.46
193533.95
190429.29
190610.06
187814.97
192106.43
191833.28
190797.05
188628.05
193519.38
192797.74
195955.98
195927.82
191923.91
189400.39
193280.19
192596.17
197041.39
190643.48
190306.79
190870.35
194925.87
197919.24
207877.87
196158.86
193095.07
183639.54
187025.61
190433.32
201913.36
193280.83
191887.22
196973.15
192055.86
191373.83
200175.93
191756.43
192304.18
193996.40
193365.07
195701.74
204902.13
192712.47
196820.73
194017.15
196301.00
200394.32
87123.15
198863.31
198272.31
201237.55
201554.34
199196.04
200045.30
204252.44
199581.34
199854.26
201169.85
197332.04
207530.73
199186.47
198515.71
202175.97
199331.75
196951.33
207094.84
199169.42
197407.42
198296.10
198177.00
195828.54
203427.46
199514.21
197236.27
199220.66
198161.60
196974.04
206775.58
197877.40
196807.38
197220.78
197004.52
198636.38
204570.58
195603.56
198432.43
195609.43
198258.00
194526.87
203952.23
193884.73
194501.87
195140.74
193014.94
194256.93
198653.82
191195.51
195240.49
192016.72
194528.97
192226.97
192039.00
194022.09
203644.29
194721.17
192013.67
201690.82
192310.10
191270.18
193954.74
194561.22
190816.83
199553.87
195835.54
192234.42
191834.60
194246.95
195190.28
200602.15
191443.23
194876.92
190114.24
196789.76
192698.47
200012.24
193168.10
193339.93
191049.70
193522.93
192607.40
200832.32
192734.59
192943.77
194921.15
193077.98
193284.11
200598.01
192764.99
192354.23
191579.24
196255.90
192934.03
198879.05
193272.29
195138.73
193083.28
189328.38
192328.59
199410.18
190616.44
190202.77
192399.90
190558.88
190220.25
197458.15
193857.10
195121.55
198579.51
195558.10
196589.97
200542.71
194378.68
191785.82
193700.31
190253.52
183353.13
187732.38
182569.84
184940.57
193503.81
190593.81
189150.99
197445.43
196737.21
194814.53
196042.49
199185.86
197740.55
199414.36
193724.70
192508.49
196339.86
192817.48
195942.13
205587.47
197007.96
196696.22
192104.37
194505.06
194949.14
201491.23
194505.70
196479.17
195283.80
197544.37
197684.35
202595.99
193061.67
195915.81
196697.29
194625.96
195956.53
200096.82
195804.43
190875.70
196387.88
192192.33
194676.28
199747.09
192940.62
190995.16
190287.56
190357.42
190206.47
195229.45
193659.34
190674.32
190550.25
192177.71
191078.21
200846.94
190686.36
192373.71
195289.20
194273.27
196311.59
199805.07
195030.14
194341.51
191492.02
195225.74
194344.18
199672.18
190236.61
191640.88
194312.73
191278.75
187671.19
196529.54
193199.48
189391.39
191213.99
191667.96
191117.16
190465.90
189361.75
201899.40
188947.92
187327.94
197031.78
190871.03
189332.69
189019.75
192118.92
191828.35
197951.77
191542.23
190591.94
192068.34
191408.56
191077.59
195841.10
188855.65
189536.62
188092.24
190782.75
189736.43
197733.97
191949.68
191532.36
191739.43
192239.64
191335.31
197099.35
191597.72
188153.78
191621.28
192250.82
189503.06
195069.48
190667.29
190943.81
191042.56
191885.92
190638.22
197364.36
189753.83
190563.89
188686.06
187753.49
189045.59
195202.85
189887.71
187728.89
186473.76
186639.46
185469.63
198659.50
190514.69
187435.05
195894.04
191500.71
189836.92
199989.14
189477.49
188147.75
191932.52
191744.51
191669.02
196210.56
191104.23
191172.92
190843.00
192548.01
196123.55
200854.02
193566.65
185722.23
191535.19
192680.65
192244.58
200538.68
196677.10
191647.57
188955.97
193398.11
192674.41
198867.76
187928.04
191696.01
186262.34
186963.83
180133.23
189064.42
176228.03
182077.94
184666.22
183399.16
184428.96
189349.47
185134.53
180323.70
182560.26
184297.89
181662.74
188718.23
183385.88
181493.23
182357.20
180731.31
181526.89
187812.11
180136.07
179472.98
182403.48
181767.49
178734.11
187306.80
178796.29
179158.30
178395.98
181600.56
180301.71
186406.26
182046.30
188142.46
190325.14
188121.67
191400.77
195159.15
187742.55
191163.52
187957.91
190029.07
186341.94
193991.79
188598.02
188492.75
187854.58
187542.91
183114.23
192669.47
186051.11
186707.43
185802.94
188100.59
180562.65
185677.82
184578.19
195486.18
189310.28
185541.37
190969.77
187143.96
181036.71
187054.22
191010.82
187465.67
197123.18
188657.07
192309.92
189151.87
191641.22
188802.58
196431.96
188276.10
190484.79
189488.17
191938.80
187700.12
198691.24
187341.62
191750.27
190028.06
190239.28
188021.26
195206.67
190996.71
189109.83
188320.44
192116.56
187394.94
198525.74
188432.06
190184.66
190325.89
190547.40
188234.43
197002.63
187789.61
188781.08
186117.85
186275.47
185249.49
187419.38
187169.01
183184.75
187386.71
183632.35
182631.55
187258.92
188465.75
192153.44
187189.17
192387.32
188141.78
199057.33
187246.58
186002.20
186833.62
193684.09
194551.32
207856.54
193609.37
188801.27
188240.36
185482.59
186112.15
200462.82
193295.95
191991.58
192283.38
197858.90
191893.25
199459.56
193914.80
195215.11
193365.61
193366.62
192660.30
201176.68
190700.86
196936.26
196912.36
199932.98
195173.10
202816.19
196552.82
199044.53
199874.97
198127.11
203079.83
204553.15
197711.53
196959.18
197731.16
195940.64
195612.07
202215.36
197074.01
197666.17
194166.24
194879.90
195863.55
202981.96
191730.19
195725.58
194198.76
195197.67
189394.30
200373.19
193842.40
193257.29
192581.90
193567.87
192450.94
197244.98
193000.86
192013.32
195802.83
191647.86
190873.36
192672.62
192172.17
191749.67
188723.50
190667.66
191788.27
196584.09
187164.15
190695.35
187447.04
188007.98
186267.85
195875.32
184734.04
190725.27
188075.89
191596.03
186603.82
188273.11
188169.88
200746.01
188781.19
186147.39
195320.73
186127.87
189938.61
186590.35
188267.60
188212.45
196767.64
188829.53
186825.45
191116.73
188380.94
190918.19
194003.17
189020.38
185593.69
189732.77
188203.16
189923.62
194468.03
191011.76
188965.14
189134.65
190284.57
191500.60
196905.20
186594.67
189846.05
191287.83
188391.03
189852.32
197008.98
190518.43
187228.36
192737.27
188512.28
190707.80
194849.60
187980.96
187076.10
188431.76
191693.23
187409.50
192280.10
185884.09
186403.61
187652.63
189854.01
187730.93
199921.54
192649.67
196384.21
196867.88
195512.58
194309.30
203622.42
198755.72
194850.68
199858.51
200070.51
197001.50
205228.76
197256.71
199182.64
201301.12
196424.72
198441.23
205887.47
195237.95
200875.60
204692.59
196943.90
198522.09
204729.74
195460.02
197746.27
197889.47
195771.64
194934.89
201142.39
196611.32
192821.53
198060.80
196554.36
191944.18
199341.21
190981.03
193533.56
193384.49
192594.30
192212.87
199229.50
195186.19
190930.20
192675.64
195718.73
191813.94
199152.77
191068.62
191360.52
196090.09
192289.47
191127.73
199981.85
195098.46
190996.94
193073.26
194791.54
191783.92
197861.81
191372.03
194492.94
193044.78
191953.83
191135.46
199630.25
193733.42
191651.75
191608.39
193550.45
193469.51
198672.04
192130.54
191009.26
195380.00
193018.15
191144.39
198006.60
190903.06
193439.01
194042.26
191946.19
193391.50
200349.97
191136.37
192070.53
195499.36
191741.88
191044.59
190727.50
192359.62
205411.99
193730.82
190840.02
198258.10
191463.27
193382.64
194757.57
191615.49
191282.62
198197.17
195733.74
191989.96
192128.58
193364.03
193415.57
197875.46
191031.71
192947.09
195191.97
192365.80
191648.98
200002.09
193487.15
190908.69
194150.05
193907.99
191053.84
197622.28
194703.73
193490.13
191073.69
193347.58
194508.03
197233.06
192918.52
190845.78
195456.21
193183.36
190799.57
197451.66
194449.04
193003.99
191156.57
192751.50
194342.59
195881.34
194656.73
191625.41
197454.46
197717.38
195465.09
202103.97
194726.69
197025.70
197623.12
202715.10
198546.43
207509.29
199586.10
199709.47
198495.29
201882.08
199680.16
206886.04
198951.81
196140.35
201106.99
196535.18
198246.53
203269.89
195015.79
198021.79
194689.34
199002.53
194445.73
202689.69
196586.74
199044.27
194973.84
198216.03
194696.54
202943.80
195609.54
194972.85
195251.96
196513.37
194616.56
202350.26
195949.97
194173.01
194810.13
195128.08
192983.18
197111.37
193273.80
193613.06
193488.97
192976.35
191942.79
199564.52
192153.94
191594.79
191576.13
192982.32
192330.44
198761.68
191858.65
192024.52
195351.96
193521.26
193020.98
199625.47
192093.53
191844.70
191605.99
192987.59
191806.51
197455.94
193805.63
191967.09
191565.02
192997.11
192212.71
199452.61
192150.85
191664.06
191563.07
193143.79
192758.87
199519.63
192306.74
192095.60
191617.32
193367.78
192114.34
199863.51
193537.67
194142.93
194376.15
195689.52
193862.67
188091.86
195624.77
204554.07
193401.28
192492.91
200369.37
192535.25
193186.69
195359.67
194395.67
193736.13
201938.19
192947.72
195782.52
194282.38
193500.73
195496.39
202146.63
194620.61
191761.05
195491.49
193872.31
192968.72
203268.28
191445.70
197012.00
194478.50
195145.06
195553.66
201435.86
193112.30
195548.36
192718.31
197701.84
192954.92
203451.89
195082.79
193915.76
194322.53
196495.73
192758.91
202052.35
194215.19
191395.72
195692.90
190554.36
190521.94
199244.52
196540.43
192969.82
194875.21
194278.35
195055.36
201221.81
191466.28
192700.69
197978.41
195797.23
192925.64
204748.07
191102.21
192236.38
197955.72
195191.19
197735.45
209701.20
193671.05
194649.90
197080.72
194034.75
193038.64
206564.12
198187.49
196930.64
198131.01
199678.94
196222.80
200057.88
194658.57
196000.80
196603.59
197508.34
194178.15
202060.29
201837.23
198639.40
198593.06
199570.95
196769.05
205080.70
195859.24
195761.74
196877.21
198444.06
196648.22
205119.17
196501.88
195983.83
198179.18
195764.33
193939.54
203448.28
193775.24
194123.45
196185.02
198210.22
191175.14
201715.18
193193.55
196510.91
193240.88
192766.43
193357.79
200579.50
191846.95
194512.57
194587.36
195287.97
196427.31
197914.22
193249.79
193048.49
195623.42
194486.14
193402.17
198187.27
193444.18
193231.42
192956.02
193693.87
191933.05
197933.55
193005.80
193447.84
192137.69
189952.97
188454.65
197469.92
190452.69
191332.57
191998.62
188216.08
192408.72
191564.50
186188.75
200540.49
190644.56
187071.14
194690.65
186254.82
187666.74
191616.14
192485.63
187541.18
195107.00
192529.79
187546.10
191614.36
189093.18
191434.13
194013.27
190819.85
189253.33
190695.95
189420.38
189163.53
195866.75
193488.62
188584.85
191473.13
190199.24
190749.23
196221.27
193517.69
189825.56
191587.91
191931.01
188784.24
196348.13
192799.07
190206.99
190736.85
193169.85
190134.49
193732.51
190641.35
193762.50
194403.73
193100.80
194982.37
200285.69
194430.55
192802.54
192772.97
193894.18
194177.14
201155.83
197729.34
195792.57
195924.21
197470.62
192556.42
197703.90
195380.59
206009.67
199280.94
198254.07
197480.06
206159.01
200736.42
203131.72
199354.70
199194.42
197080.21
203754.74
198909.85
201649.92
200812.74
194019.19
198278.67
203448.84
202054.55
197931.84
201447.83
200420.61
199033.82
206997.69
203392.71
198862.07
199604.22
201006.36
199681.89
205562.54
204652.71
205575.55
204247.08
203819.09
202288.32
211558.94
204301.01
203612.83
202608.97
202440.02
200641.96
211188.67
202017.88
200342.89
203687.05
198104.22
202622.11
206626.50
198239.36
200104.28
201991.69
198902.56
198777.99
206487.62
200515.42
199127.92
201881.98
199806.67
199653.84
204369.69
202279.35
199863.79
198787.73
201620.57
198931.58
204295.01
200606.93
194586.12
200920.87
197600.77
197269.73
205533.25
197835.05
195393.66
196415.35
197367.87
193589.85
202707.66
195960.51
195003.59
196091.73
199829.00
198374.52
198957.16
193240.47
204302.77
198447.45
192152.78
202291.54
198074.40
195534.74
194630.66
199103.80
198397.42
199730.10
196486.00
197270.04
194689.54
200690.31
197397.99
202804.30
197269.45
196462.91
195113.52
196763.47
199174.63
203053.59
198984.64
198217.34
194153.19
198854.58
199002.89
203051.03
197977.13
198839.98
194750.02
201755.19
196222.76
206185.48
195239.98
198545.99
198703.06
196636.94
197335.17
206105.98
194710.40
202389.07
197838.91
196464.59
196599.74
200114.68
198380.07
193714.85
199767.69
199295.58
198062.53
203913.35
199530.18
198759.54
203217.10
201193.92
197631.01
205681.33
199519.08
197711.93
203070.26
197135.58
189648.73
203112.04
194750.55
196139.48
194100.76
200521.35
198825.35
205758.93
199146.97
195719.29
197545.98
200617.99
190841.61
199004.88
195697.03
194408.83
195357.18
196253.68
194764.25
202130.90
196272.02
196105.50
190580.44
196543.59
196742.39
200462.56
193066.10
193676.88
194199.69
194158.95
193773.83
198697.57
192743.44
193246.42
193303.55
204840.78
197089.81
198745.87
191090.56
191927.16
192341.02
196116.12
193451.59
206790.22
199209.11
199979.99
198738.90
197918.67
196320.69
206074.55
198644.04
199292.41
199193.25
199696.08
198867.62
206638.63
199354.11
200697.51
198983.92
198745.85
200105.46
210340.65
199430.00
202170.44
201368.68
199785.01
201290.57
212167.36
202941.80
201446.86
201755.54
203514.68
199598.73
208589.45
199190.67
200373.37
201546.37
203448.97
201616.93
203002.57
201071.97
209719.35
202048.21
197057.45
205871.12
201716.65
202625.45
202150.30
200087.12
200431.22
210997.47
199176.31
201895.19
203154.15
203502.58
199894.25
207958.13
201011.27
200748.95
197306.34
204335.16
199847.22
208074.12
195738.17
203830.26
201930.91
203292.82
200617.58
208871.77
202784.62
201832.28
201423.75
199007.06
201198.69
208378.94
203063.74
200238.56
200753.86
203789.48
201170.56
210376.75
198250.76
201549.27
194765.11
199026.82
196194.85
205910.71
196923.36
196093.30
195338.38
196360.82
197452.09
201517.74
193106.77
194262.64
193770.66
194676.09
193853.03
198653.01
196525.24
192656.84
193144.25
193767.24
192157.65
195016.56
196380.34
196131.65
197236.99
196398.98
197498.68
202762.30
197240.52
198366.76
198041.20
195119.22
197977.85
203190.81
196803.19
200042.55
194253.19
196733.55
195392.10
204154.30
198764.57
209055.25
196888.91
197190.48
191169.50
198209.26
191602.42
190079.64
189185.74
190568.43
189451.67
198421.34
189570.02
188995.51
189188.65
187773.93
189642.29
193309.42
189610.61
189054.72
188222.60
186251.95
189265.90
194853.79
187814.70
186234.13
188271.31
188024.57
190824.49
195047.96
183997.36
189404.06
186051.95
187065.38
187396.65
191603.81
189054.69
188030.26
186784.60
191982.32
195232.69
200956.68
194268.40
195604.81
195859.14
194776.88
192715.35
201160.32
194739.51
195458.42
192394.41
192683.49
193706.05
197411.63
190424.66
189230.48
192008.20
193062.62
191496.57
189965.68
190692.67
203347.45
191620.01
190748.95
197270.74
192719.07
191828.10
191974.44
192887.27
191062.26
197516.10
190702.70
191871.15
193353.30
192735.61
193033.05
197699.01
192825.28
189872.78
191217.83
193444.09
192728.13
196850.66
193018.46
191560.36
193762.05
190372.16
190896.55
199549.26
191156.53
191605.44
193793.51
192535.39
192027.89
200318.82
191462.33
191469.50
191316.03
192697.95
194234.01
198365.84
192385.10
191513.94
189020.14
190561.91
189867.99
195392.78
189285.37
189725.93
191662.10
191312.87
187879.37
200067.34
191019.94
195224.71
193645.53
195043.65
195485.02
201392.66
195861.58
196489.50
192578.64
192740.98
194138.20
196040.70
192404.38
185328.97
192491.59
191790.38
184984.39
193825.29
179098.53
184356.62
185892.27
191998.49
190796.03
199465.16
190837.55
189677.06
192189.23
192261.41
195116.44
201709.70
197895.25
196541.05
195097.72
200064.47
195219.78
205381.94
199386.07
199773.35
200083.78
199016.23
198415.36
204940.07
200220.71
200759.66
199580.85
198425.32
199996.98
204795.91
199564.60
199975.71
196948.26
198161.25
197949.38
202747.48
197396.67
195280.43
198078.15
194041.84
196912.24
201162.42
197057.92
197660.05
195500.30
198018.75
196461.66
203251.44
197090.69
195817.96
193583.72
199748.52
196772.00
200460.12
197047.86
194227.79
196335.97
194738.34
195655.34
199970.62
195219.61
193226.83
197051.90
191873.37
193747.83
200728.57
191096.55
192908.70
194249.14
193370.10
195220.37
190149.68
194160.79
201973.90
193570.12
190687.13
200286.95
191654.29
195928.86
191477.82
192858.53
195839.70
201294.04
191473.29
194470.23
187015.40
193933.78
195142.79
200151.12
191480.18
192701.27
195131.20
192104.38
196714.47
200653.95
191779.55
194208.98
194448.91
192946.44
193785.73
201105.26
194068.85
191191.97
195435.51
194669.36
192673.35
200220.00
192837.71
193833.39
195422.51
191628.53
195117.39
199468.23
194193.65
193027.12
195292.09
191763.33
190355.47
196608.06
191196.96
194364.84
194880.17
194098.01
195642.70
200009.90
196696.70
190998.11
194921.51
194397.74
197585.77
203547.78
194948.48
195483.10
198984.94
199930.36
194415.24
204290.38
193368.42
198525.24
195470.00
197926.63
198189.95
198927.71
193638.62
194747.48
197119.27
198049.55
201870.04
206336.23
197340.89
200464.74
200202.77
198310.60
201200.45
207150.90
200994.60
197075.43
197601.41
198136.55
199871.45
207026.19
198351.13
198636.46
198101.90
199482.86
198289.45
207120.44
198208.34
198236.97
198283.09
199809.63
198077.86
207497.83
198057.82
199998.25
200899.25
199982.20
199032.43
204818.81
199769.98
199061.99
198266.11
199594.01
198103.85
208036.04
198911.13
200292.72
200921.78
199441.25
198043.61
207045.56
198295.44
198229.63
201794.96
200900.31
198066.53
207235.51
198155.53
197901.47
199938.02
200476.75
200721.00
207391.35
198681.52
197904.01
198843.94
200288.52
201781.31
207564.72
198064.13
198031.25
199187.07
200377.58
201234.84
196766.54
198183.39
208628.19
200916.77
197786.34
206992.64
198140.28
199306.17
201120.70
200420.26
198326.25
207072.21
198051.99
199069.69
201360.85
199954.66
198703.24
206863.68
198232.56
198960.92
200514.39
201412.11
198774.75
207031.62
198400.44
199134.82
202452.77
199311.44
198089.99
207219.11
197975.28
201943.79
199844.25
199558.04
197893.38
206851.91
200169.90
201661.95
198849.02
199296.73
198029.18
208370.89
200365.89
199711.34
197793.27
199604.55
198828.18
206328.28
198874.84
201218.74
203114.76
203501.01
199067.87
208233.20
198472.80
200490.52
201157.32
202271.40
200550.90
206633.75
202843.67
198850.46
200323.93
203248.22
201373.59
206121.84
202273.26
201625.92
200066.32
202328.51
202827.83
205688.20
201234.77
199088.43
198792.53
203090.97
198461.54
208913.04
201868.81
201176.16
200734.62
204638.64
201599.56
209502.10
198935.36
203086.12
200286.27
205744.36
199415.00
210517.42
200649.54
202961.27
201353.99
201536.94
198055.15
208907.20
200101.43
199759.61
199517.62
201244.38
199894.49
204663.76
198993.79
200013.49
199540.87
200988.87
200136.80
208967.17
198517.59
199017.54
199917.27
200292.79
201169.77
204420.97
199732.54
199981.69
200405.02
200184.95
199900.40
208739.98
199760.24
200418.96
199412.30
199938.91
197529.68
206701.82
200195.11
199837.93
199910.54
201794.51
199985.78
208895.16
200051.73
199564.97
198960.11
199275.12
200148.43
207055.77
201609.38
201499.56
199342.05
202436.06
199435.32
201177.02
199803.12
210347.61
201809.50
197017.87
206490.49
200366.03
200816.43
202359.27
198642.30
200219.01
206583.35
201405.70
202268.11
198330.45
204615.59
197943.17
210688.46
197921.04
202267.33
201311.94
198546.19
203990.08
207159.86
201973.98
201137.95
201018.49
201656.52
203222.83
207625.54
199813.91
201381.58
203257.01
199253.77
202312.38
210427.34
197960.75
203350.77
198564.94
204208.99
201544.69
206001.92
201947.50
198947.24
198609.97
191623.94
194346.29
201264.21
195954.43
197335.15
197100.39
197187.37
192540.86
201329.48
197840.05
195487.60
195804.04
195508.00
194330.98
203327.72
197133.04
197004.43
199431.97
198522.69
197376.92
204321.70
198268.00
197624.02
200733.00
196952.24
200203.31
204651.32
198310.99
196216.86
200720.02
196465.82
194490.40
202083.01
198326.31
193931.44
200000.44
195981.36
198621.93
202509.70
199601.10
200762.07
203320.68
201921.22
195531.15
203842.10
196227.19
197063.52
197585.97
199447.62
191820.96
202169.08
199817.53
197264.75
197977.31
194052.58
195845.99
203326.02
195871.95
194177.65
197136.40
197497.21
195055.35
200891.10
196763.72
190885.52
195353.40
195148.73
190598.34
198994.29
195892.82
193101.44
195280.80
193097.60
192609.18
198196.23
193319.23
192636.92
192732.81
193056.05
190362.81
197952.23
192292.81
192329.30
190016.82
193417.92
187661.11
195645.32
189830.11
187775.19
188260.29
189041.72
190305.57
194079.84
188796.41
189332.87
189988.02
191288.48
186689.23
187120.06
186563.63
195639.48
192993.82
181755.77
196974.05
188990.31
190281.78
188727.03
189493.57
188511.36
192568.34
189909.20
191058.63
188089.58
189449.81
190347.94
196300.27
190114.59
186457.87
191522.43
188629.42
189747.62
197050.34
188380.23
189001.81
192320.94
189620.47
188179.79
197759.63
188777.01
189396.35
192279.37
189075.97
190211.69
196591.56
189291.32
188271.21
190956.48
191336.17
187060.15
198961.16
186862.79
190994.93
187169.23
190007.25
188022.72
194077.49
191421.53
184775.21
189848.87
190258.32
177510.41
191047.71
181895.95
183548.92
177413.65
176724.57
170496.06
179267.69
171333.73
174226.53
171060.81
172780.99
173154.52
188172.02
183169.66
181264.66
181422.18
188583.62
188991.71
202524.26
197926.58
200353.87
199325.22
197589.01
198679.47
203143.52
196568.66
198093.45
199995.83
197752.26
193625.90
198415.75
197635.76
196996.94
195654.11
191779.94
197354.28
199870.23
199087.64
197549.58
200337.10
197521.16
194572.58
205433.41
199260.10
198847.94
199115.78
194318.31
197900.99
202520.55
197953.18
197613.13
197771.29
198802.15
191615.96
202227.83
193978.91
200361.27
197686.78
196245.86
200252.89
204324.99
196586.91
197135.05
199850.43
195730.55
197708.67
202059.22
198189.76
193894.52
199098.90
198028.26
193489.77
203396.20
196408.34
196424.08
196972.65
195617.93
193153.99
202714.16
194038.35
190974.41
195130.30
195185.18
181080.26
199025.10
193207.75
192557.27
193643.22
191438.67
188704.99
191829.78
187241.33
202099.82
197818.17
191783.72
197087.57
193843.62
194665.51
197326.59
194539.69
192035.58
199351.91
195630.55
195753.74
197115.76
195494.06
195807.70
203235.50
192858.60
195871.92
195835.09
197154.74
196748.91
202390.60
193888.25
195423.41
196337.84
197197.84
196126.29
202555.09
194257.37
194397.06
198550.68
196231.14
192503.63
201197.77
195962.95
196255.43
195768.61
193229.92
196379.71
204316.42
192642.01
196308.67
190741.16
189831.36
183719.98
186013.19
182310.14
182168.92
176357.66
173058.46
168927.79
175670.82
171447.32
173746.93
174171.07
178132.77
179182.76
188356.26
186353.63
187873.74
192141.19
199813.53
197905.49
209393.62
203567.27
199200.78
198789.08
194742.09
193984.96
203565.30
196162.74
197580.30
199215.74
197698.78
190300.27
202300.75
196032.79
201218.94
198895.36
196494.11
192770.13
202679.97
192301.77
190319.94
188506.62
181857.43
181398.22
70853.36
137345.45
182467.51
185171.32
182170.85
182421.67
183398.46
183828.67
183361.64
188792.39
190587.74
192976.70
196030.15
188902.24
190389.57
190659.74
186977.14
188974.32
197577.13
188921.80
188962.50
187780.74
188127.82
189051.63
194177.27
186211.77
188321.42
192713.05
192019.60
189877.57
196231.48
191016.94
189371.68
192957.68
188979.85
189079.80
197048.82
187296.73
190227.86
190722.96
189761.15
186978.02
193484.01
187662.18
189660.30
187805.67
188281.38
185441.50
192779.36
183078.13
186968.79
192808.69
198138.92
194769.03
193294.36
197446.10
201852.37
198132.64
193441.50
199016.21
198358.33
196739.12
194738.87
196243.84
194361.32
202792.19
194797.02
197474.42
195675.65
197558.80
197624.22
199847.30
194384.84
192419.57
197266.54
195438.40
198006.95
204638.31
192433.25
197028.31
199026.23
196065.01
195715.60
203291.23
194105.01
196553.94
195996.33
196899.27
198789.96
203641.68
195519.74
196217.21
194052.35
196873.08
195451.35
202668.92
194965.47
193612.73
196758.46
196211.26
188178.51
191521.42
184525.08
187937.22
190938.53
188355.34
187500.95
193935.68
188380.60
187113.71
194307.62
191259.59
195065.57
202331.72
198865.16
195092.16
198045.23
196791.04
193228.83
206145.23
197499.26
198949.07
192683.05
193775.55
192320.67
198966.88
194533.96
198998.73
197933.60
196036.03
192915.62
203678.16
194271.47
194314.79
199401.75
194371.00
193822.68
203755.39
194656.65
194309.16
198155.18
201287.08
198246.61
205998.63
199722.32
201100.05
203023.59
201990.20
200559.10
209419.22
200033.47
197992.36
201899.74
198327.15
196369.98
205603.96
198799.36
201315.15
198778.54
201282.65
197964.39
208287.01
197753.67
200223.64
198627.99
193592.35
198517.41
203234.87
199719.95
199476.01
200175.31
199077.82
194702.74
205451.61
200038.81
194459.85
199559.91
200252.95
196973.09
204824.98
199316.49
197178.75
197980.66
196068.48
194965.42
201304.47
194903.35
197267.63
198004.02
195017.30
195425.12
199021.10
191410.94
197180.32
196837.20
193819.76
194125.31
193475.91
194107.81
205907.07
198434.26
192366.27
202245.07
194761.55
193461.16
198352.18
195009.86
194383.95
203378.31
194841.39
198325.38
194288.65
195612.51
195901.92
203967.61
193828.35
193617.62
195178.75
199019.29
194383.37
203288.31
194070.21
195563.55
198709.56
197102.98
193904.76
203484.27
195549.01
195779.90
197121.07
196500.39
194836.57
203036.75
193858.51
194251.65
198989.23
195419.90
198159.00
201069.65
197534.83
191567.84
199818.55
197761.26
191819.27
200798.73
197128.02
193897.45
197990.44
197663.52
193779.81
201748.55
200603.81
194688.62
199732.45
193254.41
192202.98
201514.86
194131.77
196725.80
196574.79
199357.59
196391.94
203612.25
201241.15
197552.84
198108.15
190293.77
189589.25
195548.66
190790.64
192621.47
196016.59
196314.99
197393.61
203445.18
197585.48
198610.71
201425.74
198475.19
198346.54
202423.08
194659.77
195191.60
198758.73
195637.86
188543.76
200794.51
195492.71
193190.57
197130.76
200814.64
196007.35
207225.61
199952.10
204027.49
202772.91
201035.73
195874.68
205416.53
200695.72
197280.91
205527.97
198131.42
196598.48
205375.69
198087.68
197333.32
201521.64
198404.36
197600.39
206218.87
196808.31
202802.22
197925.14
199094.42
196003.36
206569.21
198625.88
199818.64
197740.46
196618.63
191525.98
206365.11
195253.56
198567.38
197991.01
195989.69
196062.40
204419.19
193525.84
194743.89
196589.00
193967.08
195079.62
199724.12
195506.44
190995.72
197045.84
193824.09
192463.70
192713.74
197660.21
202194.65
194906.92
190029.00
200954.61
192770.22
192625.96
193006.70
194538.98
191213.28
201772.77
193743.33
195717.90
196654.01
193592.16
192673.00
202068.45
191205.31
195828.44
196768.97
194766.08
192923.84
199888.90
194250.13
191776.24
197509.11
194707.75
192724.14
197984.98
194674.62
195272.86
197231.24
194013.86
193161.78
203171.35
191146.14
194606.23
196692.41
195176.64
191874.97
206233.42
191507.54
195042.92
193348.60
197851.19
190714.73
202058.68
195002.17
192852.36
196254.11
195742.94
193516.51
200406.12
192174.29
195232.03
195954.64
192333.79
194249.04
202657.05
191130.51
194163.18
195136.93
195657.08
192317.23
200869.34
191752.87
196665.16
194808.97
195090.76
191036.93
201257.60
192222.82
194632.14
196187.56
192539.74
191744.01
202462.37
193997.99
190737.97
196324.15
195055.15
193894.48
200295.91
196698.40
191947.58
195144.10
197503.59
191625.96
200911.56
190946.46
196597.65
194041.80
194518.93
191322.23
200256.14
192065.85
195529.33
194951.32
193872.05
191080.79
200563.72
191768.48
196068.41
193672.99
193972.69
192841.06
200260.34
191566.12
194365.12
193609.67
196435.04
192846.42
202690.47
195116.92
191335.80
196280.50
194243.52
195495.97
200737.69
193175.48
194502.99
196336.03
193051.84
191245.37
200335.71
192513.97
195812.74
196318.32
192870.67
194631.60
202470.11
191116.51
194852.93
195456.74
195319.47
193356.80
204256.19
194421.42
193530.84
196252.54
194571.02
194621.82
191299.38
195369.82
205274.67
195944.57
191047.90
202981.33
194743.13
194081.92
193932.31
198139.65
190994.39
200358.67
194932.84
193027.63
196486.55
196232.28
193147.17
202125.31
195657.60
191251.27
196781.38
197354.48
191570.03
202848.02
194819.26
191528.79
196312.63
193258.75
192565.82
203742.72
191606.99
194008.60
194762.92
195957.41
191920.70
200367.37
194073.82
194024.34
196425.95
193791.20
195254.44
202393.50
195319.37
192438.09
194958.71
194060.58
194300.86
203355.11
192041.97
193784.51
194930.93
196453.30
190986.60
200556.45
193168.47
195356.93
196138.39
192642.68
191939.56
202195.44
194539.26
190921.98
196347.56
193715.21
194115.87
201182.35
192226.08
196298.74
196228.47
193525.37
191666.41
201279.43
194485.66
192981.66
196383.97
192617.56
193728.97
203689.92
191266.87
195653.85
192993.28
194422.82
192381.87
202095.63
191675.39
192672.87
195130.11
192733.97
191583.29
202312.85
195000.62
191531.57
196210.81
192836.89
195293.49
201784.29
192302.07
191215.19
196545.15
193245.52
191467.81
200232.15
192157.08
192256.59
194899.61
195260.79
192100.22
202969.83
191530.37
191750.65
195520.67
195652.11
194431.08
201727.26
195813.05
191114.59
196797.59
192628.71
191361.91
202097.00
192172.25
194649.18
194699.64
195196.09
191528.03
200469.99
191171.10
194169.30
194713.29
193914.63
189552.19
200300.51
193523.15
194627.26
195841.72
193256.18
191512.03
205752.45
192971.27
192979.72
194974.12
194404.16
191914.68
194784.90
189515.60
202163.72
197784.70
189256.29
199626.44
196428.22
190514.60
195983.99
194276.39
190865.33
199494.64
196376.88
195426.60
195414.65
191363.40
190441.26
198343.97
193614.05
194356.44
195884.78
194071.69
188452.38
199362.33
194904.00
191541.51
195849.82
191484.35
190864.69
199470.88
190883.02
194469.24
194456.19
194101.08
187777.71
200024.88
194723.05
189167.66
196843.89
197922.27
196819.97
204777.17
194743.44
190564.48
190532.88
183878.01
178366.34
190348.29
184074.16
180565.68
183076.65
174032.95
164388.49
176747.17
172720.30
168866.40
171894.63
165660.40
164815.70
177307.27
168289.34
174987.59
175956.55
177992.50
177192.42
194582.55
194567.64
191413.02
194895.25
189593.29
186533.17
201096.15
195830.12
204904.37
201244.19
196346.96
189941.89
195944.25
194696.58
201204.75
195976.34
183501.19
189531.32
193552.50
195030.88
192502.12
188760.35
185119.48
188120.28
197198.03
190490.20
190985.59
193104.61
188416.14
185173.97
196368.30
196423.76
188876.99
192968.80
186062.18
178564.44
188981.46
190113.30
193101.32
192624.92
186142.97
189534.95
190901.23
190851.40
191463.11
191879.56
191215.61
187154.78
199218.89
188664.67
191934.19
194261.85
191723.47
188865.96
196582.51
190686.09
190945.51
194331.47
191433.47
189190.69
197357.51
190455.99
190837.21
190877.29
191454.67
190046.25
198577.79
189527.20
193394.81
192142.83
189899.07
189449.75
197048.43
192013.61
188918.19
194633.22
193947.16
193413.40
193014.19
191999.18
205351.37
193476.04
193206.26
202122.02
194219.51
195612.29
193797.50
195465.95
191676.13
199928.77
195719.10
193053.16
197479.47
194064.90
189962.38
202466.24
198063.06
193315.19
196939.86
196814.10
191460.71
203705.87
195287.09
194811.60
194490.18
196602.99
194198.73
202864.67
194938.62
193827.96
199007.77
192377.18
192978.61
200083.91
193504.92
195226.93
198620.92
194000.71
192151.97
206011.95
192705.13
191779.72
188920.52
189890.25
188099.96
198089.24
191532.64
190086.45
190001.91
185710.88
184666.31
197606.31
192040.29
194946.87
196114.97
194665.73
188956.13
200001.61
195808.50
195877.62
197357.49
145981.29
17130.14
69803.65
187034.16
193283.32
196673.54
194276.22
184553.74
192684.45
196894.75
189741.91
195997.71
189923.62
185093.78
199045.58
191799.85
193598.29
187272.15
200670.23
198002.23
202826.92
200578.14
204333.86
201267.87
199678.42
197846.62
204827.76
204426.69
